0.0   0.0
0.025   0.0338353636303
0.05   0.06745391753
0.075   0.10064356248
0.1   0.133201425467
0.125   0.164937997573
0.15   0.195680733802
0.175   0.225276986593
0.2   0.253596183591
0.225   0.280531203089
0.25   0.305998944297
0.275   0.329940131162
0.3   0.352318425025
0.325   0.37311895067
0.35   0.392346360632
0.375   0.410022573227
0.4   0.426184320618
0.425   0.440880635211
0.45   0.454170387328
0.475   0.466119966431
0.5   0.476801174443
0.525   0.486289375192
0.55   0.494661920833
0.575   0.501996855728
0.6   0.508371882037
0.625   0.51386355948
0.65   0.518546704656
0.675   0.522493952314
0.7   0.525775441527
0.725   0.528458592887
0.75   0.530607947711
0.775   0.532285046078
0.8   0.533548326467
0.825   0.534453035509
0.85   0.535051141311
0.875   0.535391248004
0.9   0.5355185123
0.925   0.535474565148
0.95   0.535297442963
0.975   0.535021533618
1.0   0.534677542504
1.025   0.534292483593
1.05   0.533889699804
1.075   0.533488916047
1.1   0.533106327323
1.125   0.532754723155
1.15   0.532443648543
1.175   0.532179600593
1.2   0.531966258935
1.225   0.531804747152
1.25   0.531693921559
1.275   0.531630682934
1.3   0.53161030611
1.325   0.531626781759
1.35   0.53167316426
1.375   0.53174191913
1.4   0.531825263348
1.425   0.531915491767
1.45   0.532005282934
1.475   0.532087977875
1.5   0.532157825838
1.525   0.532210191601
1.55   0.532241719693
1.575   0.532250451832
1.6   0.532235894866
1.625   0.532199037687
1.65   0.532142316705
1.675   0.532069530703
1.7   0.531985707034
1.725   0.531896922222
1.75   0.531810081026
1.775   0.531732658882
1.8   0.531672413355
1.825   0.53163707077
1.85   0.531633994566
1.875   0.531669842097
1.9   0.531750216645
1.925   0.531879321271
1.95   0.532059620869
1.975   0.532291518384
2.0   0.532573050658
2.025   0.53289960875
2.05   0.533263686877
2.075   0.533654663328
2.1   0.534058615846
2.125   0.534458172993
2.15   0.534832402018
2.175   0.535156732676
2.2   0.535402915354
2.225   0.535539010785
2.25   0.535529407673
2.275   0.535334863687
2.3   0.534912564739
2.325   0.53421619724
2.35   0.53319602832
2.375   0.531798989925
2.4   0.529968764394
2.425   0.527645871667
2.45   0.524767761801
2.475   0.52126892089
2.5   0.517081003764
2.525   0.512133012665
2.55   0.506351547103
2.575   0.499661155673
2.6   0.491984825015
2.625   0.483244643482
2.65   0.473362676541
2.675   0.46226208664
2.7   0.449868521626
2.725   0.436111782502
2.75   0.420927763584
2.775   0.404260636684
2.8   0.386065227068
2.825   0.366309504484
2.85   0.344977089577
2.875   0.322069656872
2.9   0.29760910243
2.925   0.2716393391
2.95   0.244227586371
2.975   0.215465035706
3.0   0.185466795736
3.025   0.154371053577
3.05   0.122337427144
3.075   0.0895445258792
3.1   0.0561867811746
3.125   0.0224706495562
