0.0   0.0
0.025   0.0329666805094
0.05   0.0657133424909
0.075   0.0980247356596
0.1   0.129694951656
0.125   0.160531620345
0.15   0.190359568495
0.175   0.219023812353
0.2   0.246391794207
0.225   0.272354815564
0.25   0.296828663029
0.275   0.31975346431
0.3   0.341092848141
0.325   0.360832511106
0.35   0.3789783147
0.375   0.395554046645
0.4   0.410598981561
0.425   0.424165368381
0.45   0.436315956802
0.475   0.44712165472
0.5   0.456659385088
0.525   0.465010186313
0.55   0.472257577154
0.575   0.478486186818
0.6   0.483780634589
0.625   0.488224631637
0.65   0.491900270535
0.675   0.494887465261
0.7   0.497263505325
0.725   0.499102691355
0.75   0.500476025082
0.775   0.501450933311
0.8   0.502091012459
0.825   0.502455786887
0.85   0.502600480171
0.875   0.502575803268
0.9   0.502427767073
0.925   0.502197529057
0.95   0.501921284489
0.975   0.501630212327
1.0   0.50135048429
1.025   0.501103343195
1.05   0.500905253552
1.075   0.500768123945
1.1   0.500699597274
1.125   0.500703401635
1.15   0.500779751875
1.175   0.500925789728
1.2   0.501136049177
1.225   0.501402933226
1.25   0.501717188642
1.275   0.502068366368
1.3   0.502445256978
1.325   0.502836292701
1.35   0.503229909895
1.375   0.503614868246
1.4   0.503980525293
1.425   0.50431706691
1.45   0.504615696046
1.475   0.504868783288
1.5   0.50506998355
1.525   0.505214323513
1.55   0.505298264206
1.575   0.50531974259
1.6   0.50527819502
1.625   0.505174564348
1.65   0.505011291047
1.675   0.504792287427
1.7   0.50452289269
1.725   0.504209805514
1.75   0.50386098999
1.775   0.503485550321
1.8   0.503093569639
1.825   0.502695908769
1.85   0.502303961695
1.875   0.501929365903
1.9   0.501583667584
1.925   0.50127794387
1.95   0.501022386646
1.975   0.5008258549
2.0   0.500695404944
2.025   0.50063580984
2.05   0.500649080934
2.075   0.500734005295
2.1   0.500885712984
2.125   0.501095287358
2.15   0.501349430016
2.175   0.50163018967
2.2   0.50191476119
2.225   0.502175357706
2.25   0.502379155092
2.275   0.502488304728
2.3   0.50246000755
2.325   0.502246640132
2.35   0.501795922343
2.375   0.5010511161
2.4   0.499951245957
2.425   0.498431334958
2.45   0.496422653166
2.475   0.493852981478
2.5   0.490646899603
2.525   0.486726113884
2.55   0.482009847642
2.575   0.476415323116
2.6   0.469858369162
2.625   0.46225419171
2.65   0.45351834375
2.675   0.443567927447
2.7   0.432323052366
2.725   0.419708560494
2.75   0.405656010975
2.775   0.390105896099
2.8   0.373010036311
2.825   0.354334077723
2.85   0.334059992918
2.875   0.312188466983
2.9   0.288741037924
2.925   0.263761855696
2.95   0.237318928346
2.975   0.209504737736
3.0   0.180436130761
3.025   0.150253423797
3.05   0.11911869645
3.075   0.0872132930211
3.1   0.0547345936305
3.125   0.0218921584617
