0.0   0.0
0.025   0.0348362527303
0.05   0.0694591267688
0.075   0.103659887514
0.1   0.137238893924
0.125   0.170009670658
0.15   0.201802443117
0.175   0.232467007869
0.2   0.261874850026
0.225   0.289920462336
0.25   0.316521864687
0.275   0.341620364521
0.3   0.365179635207
0.325   0.387184218663
0.35   0.407637578503
0.375   0.426559840207
0.4   0.443985355072
0.425   0.459960216048
0.45   0.474539837547
0.475   0.487786689962
0.5   0.499768255352
0.525   0.51055524586
0.55   0.520220102942
0.575   0.528835775153
0.6   0.536474756065
0.625   0.54320835247
0.65   0.549106146326
0.675   0.554235611459
0.7   0.558661847213
0.725   0.562447394989
0.75   0.565652109166
0.775   0.568333060311
0.8   0.570544455154
0.825   0.572337563972
0.85   0.573760651427
0.875   0.574858911241
0.9   0.575674408301
0.925   0.576246033838
0.95   0.576609480252
0.975   0.576797242132
1.0   0.576838649113
1.025   0.576759934689
1.05   0.576584343077
1.075   0.576332273965
1.1   0.576021462635
1.125   0.575667190741
1.15   0.575282521125
1.175   0.574878548561
1.2   0.574464657423
1.225   0.574048776901
1.25   0.573637624714
1.275   0.573236931125
1.3   0.572851636417
1.325   0.572486056816
1.35   0.572144015846
1.375   0.571828940302
1.4   0.571543922135
1.425   0.571291749516
1.45   0.571074911946
1.475   0.570895585518
1.5   0.570755605095
1.525   0.570656430342
1.55   0.570599112141
1.575   0.570584264966
1.6   0.570612049483
1.625   0.570682167905
1.65   0.570793872749
1.675   0.570945987728
1.7   0.571136937609
1.725   0.571364782339
1.75   0.571627249467
1.775   0.571921758147
1.8   0.572245427794
1.825   0.57259506478
1.85   0.572967121433
1.875   0.573357622968
1.9   0.573762059713
1.925   0.574175244023
1.95   0.574591133438
1.975   0.575002623794
2.0   0.575401317934
2.025   0.57577727737
2.05   0.576118765425
2.075   0.576411991088
2.1   0.576640862876
2.125   0.576786761495
2.15   0.576828338922
2.175   0.576741349962
2.2   0.576498520245
2.225   0.576069452415
2.25   0.575420569876
2.275   0.574515095289
2.3   0.573313059133
2.325   0.571771332276
2.35   0.569843675938
2.375   0.567480802627
2.4   0.564630443009
2.425   0.561237416047
2.45   0.557243703364
2.475   0.552588533514
2.5   0.547208487508
2.525   0.541037643314
2.55   0.534007783638
2.575   0.526048697498
2.6   0.517088611149
2.625   0.507054786915
2.65   0.495874328528
2.675   0.483475227767
2.7   0.469787678951
2.725   0.454745674775
2.75   0.438288879351
2.775   0.420364752722
2.8   0.400930877006
2.825   0.379957409351
2.85   0.357429563335
2.875   0.333350000643
2.9   0.307741001082
2.925   0.280646273208
2.95   0.252132271386
2.975   0.222288898634
3.0   0.191229497858
3.025   0.15909006598
3.05   0.126027664087
3.075   0.0922180395694
3.1   0.0578525202887
3.125   0.0231342829156
