0.0   0.0
0.025   0.0361728315781
0.05   0.0721370728019
0.075   0.1076886777
0.1   0.142632494332
0.125   0.176786237049
0.15   0.209983921944
0.175   0.242078638745
0.2   0.272944572024
0.225   0.302478228282
0.25   0.330598869958
0.275   0.357248199589
0.3   0.382389374265
0.325   0.406005459751
0.35   0.428097453644
0.375   0.448682016727
0.4   0.467789051481
0.425   0.485459257379
0.45   0.501741775771
0.475   0.516692015071
0.5   0.530369721902
0.525   0.542837338237
0.55   0.554158660522
0.575   0.564397795884
0.6   0.57361839384
0.625   0.581883120051
0.65   0.589253331426
0.675   0.595788908871
0.7   0.601548204475
0.725   0.606588063028
0.75   0.610963882625
0.775   0.614729684931
0.8   0.617938171881
0.825   0.620640751659
0.85   0.622887522501
0.875   0.624727208011
0.9   0.62620704222
0.925   0.627372606577
0.95   0.628267624446
0.975   0.628933721514
1.0   0.629410162882
1.025   0.629733579357
1.05   0.629937696738
1.075   0.630053082474
1.1   0.630106924046
1.125   0.630122852691
1.15   0.630120824645
1.175   0.630117069977
1.2   0.63012411642
1.225   0.630150892418
1.25   0.630202910185
1.275   0.630282525993
1.3   0.630389271442
1.325   0.630520246265
1.35   0.630670560496
1.375   0.630833811668
1.4   0.631002581234
1.425   0.631168933622
1.45   0.631324901257
1.475   0.631462939466
1.5   0.631576336324
1.525   0.631659564142
1.55   0.631708561341
1.575   0.631720935769
1.6   0.631696083082
1.625   0.631635216502
1.65   0.631541307017
1.675   0.631418935893
1.7   0.631274064099
1.725   0.631113725911
1.75   0.630945656433
1.775   0.630777865029
1.8   0.630618168552
1.825   0.630473699769
1.85   0.630350407321
1.875   0.630252563942
1.9   0.630182299329
1.925   0.630139173069
1.95   0.630119801291
1.975   0.630117548363
2.0   0.630122292037
2.025   0.630120267165
2.05   0.630093989548
2.075   0.630022257962
2.1   0.629880229019
2.125   0.629639556504
2.15   0.629268584345
2.175   0.628732580467
2.2   0.627993997588
2.225   0.627012746532
2.25   0.62574646779
2.275   0.624150787914
2.3   0.622179548734
2.325   0.619784999385
2.35   0.616917943617
2.375   0.613527837892
2.4   0.60956283936
2.425   0.604969806922
2.45   0.599694263371
2.475   0.593680331923
2.5   0.586870666297
2.525   0.579206399677
2.55   0.57062714399
2.575   0.561071076527
2.6   0.550475155303
2.625   0.538775506865
2.65   0.525908029653
2.675   0.511809251702
2.7   0.49641747267
2.725   0.479674206678
2.75   0.461525924278
2.775   0.441926069751
2.8   0.420837305158
2.825   0.398233906895
2.85   0.374104216142
2.875   0.348453024062
2.9   0.321303758025
2.925   0.292700328784
2.95   0.262708501557
2.975   0.231416667296
3.0   0.198935913594
3.025   0.165399326785
3.05   0.130960495719
3.075   0.095791231038
3.1   0.0600785583223
3.125   0.024021086175
