0.68655950026   0.151514688441
0.68656327107   0.151514688474
0.686566562332   0.151514688496
0.686568124852   0.151514688505
0.686568930961   0.151514688509
0.686569833034   0.151514688513
0.686569843654   0.151514688513
0.686569971783   0.151514688513
0.686570746963   0.151514688517
0.686571831636   0.15151468852
0.686572671709   0.151514688523
0.686573729558   0.151514688525
0.686576021812   0.151514688529
0.686581624102   0.151514688526
0.686581681603   0.151514688526
0.686583270012   0.151514688522
0.686584456684   0.151514688518
1.57075698971   0.156113705905
1.57076025232   0.156113705949
1.57077415373   0.156113706093
1.5707851907   0.156113706158
1.57078693105   0.156113706164
1.57078723407   0.156113706165
1.57079395021   0.156113706177
1.57079548672   0.156113706178
1.57079619639   0.156113706177
1.57080056085   0.156113706173
1.57080405402   0.156113706165
1.57081134915   0.156113706133
1.57081368454   0.156113706118
1.57081727151   0.156113706092
1.57081984936   0.156113706071
1.57085120363   0.156113705614
2.45499989838   0.151514686432
2.45500540153   0.151514686469
2.4550132957   0.151514686494
2.45501666055   0.151514686495
2.45501988489   0.15151468649
2.45502003494   0.15151468649
2.45502061479   0.151514686488
2.45502080232   0.151514686488
2.45502083585   0.151514686487
2.4550219447   0.151514686484
2.4550224378   0.151514686482
2.45502283586   0.151514686481
2.45502318612   0.151514686479
2.45502628877   0.151514686464
2.4550281339   0.151514686452
2.45503010393   0.151514686438
2.45503047307   0.151514686435
