0.0   0.0
0.05   0.19594321694
0.1   0.384019284739
0.15   0.556678158354
0.2   0.706991855924
0.25   0.828935760508
0.3   0.917636066417
0.35   0.969575320846
0.4   0.982751421613
0.45   0.95679130842
0.5   0.893032530825
0.55   0.794615755537
0.6   0.666723920778
0.65   0.517462145427
0.7   0.36163044289
0.75   0.23902784243
0.8   0.24616355359
0.85   0.377932459832
0.9   0.541352881787
0.95   0.699748791867
1.0   0.838689652684
1.05   0.949782256431
1.1   1.02734435703
1.15   1.06764614391
1.2   1.06873536279
1.25   1.03040819485
1.3   0.954219064482
1.35   0.84353745965
1.4   0.703788808192
1.45   0.54343053389
1.5   0.378218268091
1.55   0.251794238063
