0.0   0.0
0.025   0.0144557937975
0.05   0.0288478157916
0.075   0.0431127017756
0.1   0.05718790103
0.125   0.0710120788225
0.15   0.0845255138682
0.175   0.0976704891564
0.2   0.110391674629
0.225   0.122636500285
0.25   0.134355518393
0.275   0.145502753636
0.3   0.156036040127
0.325   0.165917344423
0.35   0.175113073794
0.375   0.183594369202
0.4   0.191337382586
0.425   0.198323538212
0.45   0.204539777956
0.475   0.209978790459
0.5   0.21463922406
0.525   0.218525883273
0.55   0.221649908211
0.575   0.224028935757
0.6   0.225687240274
0.625   0.226655850124
0.65   0.226972634057
0.675   0.226682348461
0.7   0.225836632258
0.725   0.224493930799
0.75   0.222719323295
0.775   0.220584220286
0.8   0.218165888839
0.825   0.215546754767
0.85   0.212813425045
0.875   0.210055372844
0.9   0.207363236204
0.925   0.204826703826
0.95   0.202532001425
0.975   0.200559050411
1.0   0.198978442607
1.025   0.197848448394
1.05   0.197212332324
1.075   0.197096268814
1.1   0.197508115277
1.125   0.198437209087
1.15   0.199855224298
1.175   0.201717984398
1.2   0.203968012628
1.225   0.206537536233
1.25   0.209351653042
1.275   0.212331408763
1.3   0.21539660173
1.325   0.218468207682
1.35   0.221470384549
1.375   0.224332067617
1.4   0.226988197116
1.425   0.229380635714
1.45   0.231458836797
1.475   0.233180320414
1.5   0.234511005701
1.525   0.235425439113
1.55   0.235906948324
1.575   0.235947742789
1.6   0.235548974
1.625   0.234720761089
1.65   0.233482180377
1.675   0.231861210219
1.7   0.229894614685
1.725   0.227627740896
1.75   0.225114195074
1.775   0.222415351996
1.8   0.219599642376
1.825   0.216741554796
1.85   0.213920286188
1.875   0.211217981732
1.9   0.20871752643
1.925   0.206499890746
1.95   0.204641093144
1.975   0.203208918935
2.0   0.202259615601
2.025   0.201834850098
2.05   0.201959240578
2.075   0.202638745463
2.1   0.20386010297
2.125   0.205591379531
2.15   0.207783537542
2.175   0.210372807958
2.2   0.213283578889
2.225   0.21643149712
2.25   0.21972651671
2.275   0.223075697477
2.3   0.2263856342
2.325   0.229564467614
2.35   0.232523481449
2.375   0.23517832365
2.4   0.237449906838
2.425   0.239265047556
2.45   0.240556900383
2.475   0.241265235478
2.5   0.241336599079
2.525   0.2407243877
2.55   0.239388858977
2.575   0.237297095701
2.6   0.234422934535
2.625   0.230746867127
2.65   0.226255918526
2.675   0.220943505889
2.7   0.214809279132
2.725   0.207858944318
2.75   0.200104070081
2.775   0.191561877106
2.8   0.182255010598
2.825   0.172211295684
2.85   0.161463475788
2.875   0.150048934146
2.9   0.138009398823
2.925   0.125390631723
2.95   0.112242102306
2.975   0.0986166468632
3.0   0.0845701143842
3.025   0.0701610001925
3.05   0.0554500686579
3.075   0.0404999664181
3.1   0.0253748276382
3.125   0.0101398729253
