0.0   0.0
0.025   0.00717429876523
0.05   0.0143178762982
0.075   0.0214002046272
0.1   0.0283911414747
0.125   0.0352611210463
0.15   0.0419813423725
0.175   0.0485239544266
0.2   0.0548622372725
0.225   0.0609707785394
0.25   0.0668256445648
0.275   0.0724045456045
0.3   0.0776869945651
0.325   0.0826544587849
0.35   0.0872905044518
0.375   0.091580933321
0.4   0.0955139114588
0.425   0.0990800898005
0.45   0.102272716355
0.475   0.105087739908
0.5   0.107523905078
0.525   0.109582838478
0.55   0.11126912564
0.575   0.112590378079
0.6   0.113557289482
0.625   0.114183679446
0.65   0.114486522308
0.675   0.114485957505
0.7   0.114205276295
0.725   0.113670877719
0.75   0.112912184182
0.775   0.111961504122
0.8   0.110853826032
0.825   0.109626524982
0.85   0.108318960344
0.875   0.106971942659
0.9   0.105627049768
0.925   0.104325779063
0.95   0.103108535331
0.975   0.102013473036
1.0   0.101075237073
1.025   0.100323674141
1.05   0.0997826123761
1.075   0.0994688223785
1.1   0.0993912715812
1.125   0.0995507619148
1.15   0.0999399998899
1.175   0.100544096082
1.2   0.101341439278
1.225   0.102304850725
1.25   0.103402903549
1.275   0.104601292832
1.3   0.105864159014
1.325   0.107155294055
1.35   0.108439188708
1.375   0.109681904993
1.4   0.110851777309
1.425   0.111919958136
1.45   0.112860830639
1.475   0.113652312246
1.5   0.114276072044
1.525   0.114717681892
1.55   0.114966717487
1.575   0.115016821779
1.6   0.114865739462
1.625   0.114515327819
1.65   0.113971545934
1.675   0.113244421109
1.7   0.11234798806
1.725   0.111300193018
1.75   0.110122751134
1.775   0.108840941636
1.8   0.107483321263
1.825   0.10608133311
1.85   0.104668786102
1.875   0.103281181092
1.9   0.10195486481
1.925   0.100726004191
1.95   0.0996293921492
1.975   0.0986971214659
2.0   0.0979571935889
2.025   0.0974321584638
2.05   0.0971379024622
2.075   0.0970827059887
2.1   0.0972666750828
2.125   0.0976816124799
2.15   0.0983113401145
2.175   0.0991324289283
2.2   0.100115246016
2.225   0.101225202836
2.25   0.102424084288
2.275   0.103671353404
2.3   0.104925352927
2.325   0.106144355178
2.35   0.107287438983
2.375   0.108315193606
2.4   0.10919026356
2.425   0.109877755523
2.45   0.110345531057
2.475   0.110564407954
2.5   0.110508290399
2.525   0.110154244719
2.55   0.109482534018
2.575   0.108476621872
2.6   0.107123152555
2.625   0.105411913161
2.65   0.103335781343
2.675   0.100890661138
2.7   0.098075408502
2.725   0.0948917475362
2.75   0.0913441780096
2.775   0.0874398745025
2.8   0.0831885773738
2.825   0.0786024756794
2.85   0.073696082165
2.875   0.068486100478
2.9   0.0629912847979
2.925   0.0572322921421
2.95   0.0512315276786
2.975   0.045012983443
3.0   0.0386020709338
3.025   0.0320254481191
3.05   0.0253108414546
3.075   0.018486863563
3.1   0.0115828272731
3.125   0.00462855675688
