0.0   0.0
0.025   0.0379743349616
0.05   0.0757488887356
0.075   0.113128343422
0.1   0.149926112087
0.125   0.185968227436
0.15   0.221096691644
0.175   0.255172160524
0.2   0.288075875342
0.225   0.319710799738
0.25   0.350001964176
0.275   0.378896062844
0.3   0.406360385079
0.325   0.432381192672
0.35   0.456961674198
0.375   0.480119617021
0.4   0.501884936923
0.425   0.522297195431
0.45   0.541403217605
0.475   0.559254900482
0.5   0.575907277096
0.525   0.591416875338
0.55   0.605840387049
0.575   0.619233642253
0.6   0.631650867349
0.625   0.643144194794
0.65   0.653763385246
0.675   0.663555720658
0.7   0.672566027705
0.725   0.680836794217
0.75   0.688408346076
0.775   0.695319057539
0.8   0.701605573555
0.825   0.707303027886
0.85   0.712445245463
0.875   0.717064921297
0.9   0.721193771439
0.925   0.724862653876
0.95   0.728101659163
0.975   0.730940171923
1.0   0.733406905363
1.025   0.73552991164
1.05   0.737336571394
1.075   0.738853566043
1.1   0.740106836614
1.125   0.741121532876
1.15   0.741921956434
1.175   0.74253150123
1.2   0.742972594545
1.225   0.743266641139
1.25   0.743433972612
1.275   0.743493803471
1.3   0.743464194667
1.325   0.743362024714
1.35   0.743202967818
1.375   0.743001477831
1.4   0.742770776358
1.425   0.742522842951
1.45   0.742268405147
1.475   0.74201692608
1.5   0.741776587552
1.525   0.741554266836
1.55   0.741355505996
1.575   0.741184473137
1.6   0.74104391579
1.625   0.740935107398
1.65   0.740857788612
1.675   0.74081010585
1.7   0.740788550092
1.725   0.740787899303
1.75   0.740801168056
1.775   0.740819567898
1.8   0.740832481736
1.825   0.74082745504
1.85   0.740790205985
1.875   0.740704655851
1.9   0.740552980059
1.925   0.740315679258
1.95   0.739971668919
1.975   0.739498384987
2.0   0.738871902321
2.025   0.738067062014
2.05   0.737057603157
2.075   0.735816294287
2.1   0.734315059584
2.125   0.732525094879
2.15   0.730416968684
2.175   0.727960703692
2.2   0.725125834563
2.225   0.721881438263
2.25   0.718196133756
2.275   0.714038048451
2.3   0.709374749595
2.325   0.704173139696
2.35   0.698399316287
2.375   0.692018397854
2.4   0.684994319821
2.425   0.677289607054
2.45   0.668865132697
2.475   0.659679877145
2.5   0.649690705748
2.525   0.638852189077
2.55   0.627116495118
2.575   0.614433387987
2.6   0.600750372016
2.625   0.586013022589
2.65   0.570165544849
2.675   0.553151597607
2.7   0.534915411582
2.725   0.515403218186
2.75   0.494564987371
2.775   0.472356451296
2.8   0.44874136586
2.825   0.423693936373
2.85   0.397201308997
2.875   0.369266008519
2.9   0.339908187993
2.925   0.309167548849
2.95   0.277104792731
2.975   0.243802479358
3.0   0.209365187802
3.025   0.173918910788
3.05   0.137609650853
3.075   0.10060123091
3.1   0.0630723768348
3.125   0.0252131728596
