0.0   0.0
0.025   0.0358804832399
0.05   0.0715492227836
0.075   0.106798966824
0.1   0.141431251783
0.125   0.175260319641
0.15   0.208116496086
0.175   0.239848902009
0.2   0.270327410607
0.225   0.299443806124
0.25   0.327112144921
0.275   0.353268361906
0.3   0.377869202481
0.325   0.400890589706
0.35   0.422325556609
0.375   0.442181883776
0.4   0.460479582496
0.425   0.477248354809
0.45   0.492525145458
0.475   0.506351879046
0.5   0.51877345114
0.525   0.529836016874
0.55   0.539585596988
0.575   0.548067000742
0.6   0.555323048864
0.625   0.561394068057
0.65   0.566317621606
0.675   0.570128437733
0.7   0.572858497829
0.725   0.574537249646
0.75   0.575191915093
0.775   0.574847867581
0.8   0.573529059377
0.825   0.571258484598
0.85   0.568058668102
0.875   0.563952174383
0.9   0.558962133782
0.925   0.55311278579
0.95   0.546430041164
0.975   0.538942066097
1.0   0.530679892876
1.025   0.521678062455
1.05   0.511975305189
1.075   0.50161526665
1.1   0.490647285794
1.125   0.479127232654
1.15   0.467118411695
1.175   0.454692534316
1.2   0.441930758746
1.225   0.428924786086
1.25   0.4157779854
1.275   0.402606495641
1.3   0.389540214398
1.325   0.376723529668
1.35   0.364315579502
1.375   0.352489738474
1.4   0.341431942288
1.425   0.331337401002
1.45   0.322405266202
1.475   0.314830973277
1.5   0.308796336063
1.525   0.304458034462
1.55   0.30193580396
1.575   0.301302174569
1.6   0.302575717669
1.625   0.305719250449
1.65   0.310643403611
1.675   0.317214754493
1.7   0.325266834072
1.725   0.3346120226
1.75   0.345052634343
1.775   0.356390106883
1.8   0.368431863403
1.825   0.38099591496
1.85   0.393913553915
1.875   0.407030590494
1.9   0.420207567107
1.925   0.433319310833
1.95   0.446254095125
1.975   0.4589126
2.0   0.471206794452
2.025   0.48305881678
2.05   0.494399895353
2.075   0.505169330697
2.1   0.515313546378
2.125   0.524785208295
2.15   0.533542407759
2.175   0.541547901751
2.2   0.54876840307
2.225   0.555173913168
2.25   0.560737090971
2.275   0.565432651687
2.3   0.569236790493
2.325   0.572126627038
2.35   0.57407966799
2.375   0.575073286517
2.4   0.575084219669
2.425   0.574088087365
2.45   0.572058940081
2.475   0.568968846458
2.5   0.564787536897
2.525   0.559482124511
2.55   0.55301693031
2.575   0.545353444658
2.6   0.536450461103
2.625   0.52626442096
2.65   0.514750006419
2.675   0.501861015804
2.7   0.487551546056
2.725   0.471777494323
2.75   0.454498372751
2.775   0.435679408878
2.8   0.415293879692
2.825   0.393325602154
2.85   0.369771479164
2.875   0.344643979756
2.9   0.317973418237
2.925   0.289809890982
2.95   0.260224733041
2.975   0.229311370312
3.0   0.197185466576
3.025   0.16398429695
3.05   0.129865318532
3.075   0.0950039524771
3.1   0.0595906364207
3.125   0.0238272489909
