0.0   0.0
0.025   0.0391488356758
0.05   0.0781035813034
0.075   0.116674562153
0.1   0.154680738245
0.125   0.191953544319
0.15   0.228340190478
0.175   0.263706296896
0.2   0.297937776385
0.225   0.330941922998
0.25   0.362647710028
0.275   0.39300534345
0.3   0.421985153989
0.325   0.449575940213
0.35   0.475782894661
0.375   0.500625254143
0.4   0.524133814326
0.425   0.546348438379
0.45   0.567315671788
0.475   0.587086552611
0.5   0.605714680959
0.525   0.623254585893
0.55   0.639760404163
0.575   0.655284865045
0.6   0.669878559795
0.625   0.683589463434
0.65   0.696462670372
0.675   0.708540303315
0.7   0.719861556078
0.725   0.730462834334
0.75   0.740377963221
0.775   0.749638436103
0.8   0.75827368421
0.825   0.766311351804
0.85   0.773777565759
0.875   0.780697191882
0.9   0.787094072892
0.925   0.792991244916
0.95   0.798411130639
0.975   0.803375708049
1.0   0.807906654222
1.025   0.812025463805
1.05   0.815753541982
1.075   0.819112271719
1.1   0.822123055159
1.125   0.824807329062
1.15   0.827186554371
1.175   0.829282180159
1.2   0.831115582522
1.225   0.832707979385
1.25   0.834080322602
1.275   0.835253169297
1.3   0.836246534897
1.325   0.837079730923
1.35   0.837771191116
1.375   0.83833829
1.4   0.838797158408
1.425   0.839162500794
1.45   0.839447419323
1.475   0.839663249749
1.5   0.839819413894
1.525   0.839923293184
1.55   0.839980127164
1.575   0.839992940165
1.6   0.839962498486
1.625   0.839887299453
1.65   0.839763592713
1.675   0.839585433081
1.7   0.839344763228
1.725   0.839031523597
1.75   0.838633786096
1.775   0.838137907459
1.8   0.837528697692
1.825   0.836789598693
1.85   0.835902868028
1.875   0.834849762917
1.9   0.833610719673
1.925   0.832165524197
1.95   0.830493469604
1.975   0.828573497534
2.0   0.826384320313
2.025   0.823904521643
2.05   0.821112634095
2.075   0.81798719213
2.1   0.814506759844
2.125   0.810649932971
2.15   0.80639531494
2.175   0.801721466996
2.2   0.796606832475
2.225   0.79102963541
2.25   0.784967753658
2.275   0.778398566799
2.3   0.771298779199
2.325   0.763644218946
2.35   0.755409613918
2.375   0.74656834724
2.4   0.737092195849
2.425   0.726951058032
2.45   0.716112678674
2.475   0.704542384682
2.5   0.692202847511
2.525   0.679053894879
2.55   0.665052399184
2.575   0.650152275478
2.6   0.634304626284
2.625   0.617458073357
2.65   0.599559316654
2.675   0.580553957395
2.7   0.560387614431
2.725   0.539007350632
2.75   0.516363408722
2.775   0.492411234469
2.8   0.467113740553
2.825   0.440443738619
2.85   0.412386442134
2.875   0.382941921318
2.9   0.352127375952
2.925   0.319979084526
2.95   0.286553890473
2.975   0.251930098942
3.0   0.216207680518
3.025   0.179507710428
3.05   0.141971011055
3.075   0.103756009485
3.1   0.0650358670742
3.125   0.0259949814574
