0.0   0.0
0.025   0.0386472783128
0.05   0.0770980089698
0.075   0.115160078247
0.1   0.152650044463
0.125   0.189396996737
0.15   0.225245874477
0.175   0.260060120885
0.2   0.293723584035
0.225   0.326141623377
0.25   0.357241424629
0.275   0.386971568657
0.3   0.415300937072
0.325   0.442217066566
0.35   0.467724083708
0.375   0.491840361217
0.4   0.514596035882
0.425   0.536030518145
0.45   0.556190105889
0.475   0.575125792243
0.5   0.592891331831
0.525   0.609541604269
0.55   0.62513128992
0.575   0.639713852596
0.6   0.653340808017
0.625   0.666061245801
0.65   0.677921566412
0.675   0.688965392204
0.7   0.699233612739
0.725   0.708764527886
0.75   0.717594056966
0.775   0.725755987628
0.8   0.733282243519
0.825   0.740203154834
0.85   0.746547720119
0.875   0.752343851236
0.9   0.757618596161
0.925   0.762398336322
0.95   0.766708956623
0.975   0.770575987311
1.0   0.774024717468
1.025   0.777080280327
1.05   0.779767710876
1.075   0.782111976409
1.1   0.784137980848
1.125   0.785870543812
1.15   0.787334355635
1.175   0.78855390972
1.2   0.789553413892
1.225   0.790356682705
1.25   0.79098701292
1.275   0.791467044695
1.3   0.791818611319
1.325   0.792062580564
1.35   0.792218690968
1.375   0.792305386519
1.4   0.792339653323
1.425   0.792336861851
1.45   0.792310618302
1.475   0.792272628485
1.5   0.792232577362
1.525   0.792198027077
1.55   0.792174335905
1.575   0.792164600043
1.6   0.792169619648
1.625   0.79218788996
1.65   0.792215617698
1.675   0.792246762349
1.7   0.792273101349
1.725   0.792284317579
1.75   0.79226810709
1.775   0.792210304513
1.8   0.792095023209
1.825   0.791904806932
1.85   0.791620789558
1.875   0.791222859307
1.9   0.790689823864
1.925   0.789999572833
1.95   0.789129234096
1.975   0.788055320836
2.0   0.786753866203
2.025   0.785200542876
2.05   0.783370765096
2.075   0.781239770984
2.1   0.77878268332
2.125   0.775974547173
2.15   0.77279034306
2.175   0.769204974486
2.2   0.765193228957
2.225   0.760729711648
2.25   0.755788751163
2.275   0.750344276958
2.3   0.744369668366
2.325   0.737837575608
2.35   0.730719713934
2.375   0.722986633168
2.4   0.71460746657
2.425   0.705549665183
2.45   0.695778726877
2.475   0.685257933056
2.5   0.673948110586
2.525   0.66180744167
2.55   0.648791349821
2.575   0.6348524954
2.6   0.619940918534
2.625   0.604004369886
2.65   0.586988869801
2.675   0.56883953275
2.7   0.549501686127
2.725   0.528922299792
2.75   0.507051725281
2.775   0.483845722011
2.8   0.459267723143
2.825   0.43329126801
2.85   0.405902503222
2.875   0.37710263333
2.9   0.346910186694
2.925   0.315362954997
2.95   0.282519467351
2.975   0.248459872773
3.0   0.213286127842
3.025   0.177121418533
3.05   0.140108784505
3.075   0.102408957916
3.1   0.0641974740785
3.125   0.025661154546
