0.0   0.0
0.025   0.0394201984596
0.05   0.0786476403027
0.075   0.1174939751
0.1   0.155779468915
0.125   0.193336835178
0.15   0.230014526316
0.175   0.265679359648
0.2   0.300218391474
0.225   0.333539997752
0.25   0.365574164956
0.275   0.39627203741
0.3   0.425604804513
0.325   0.453562040471
0.35   0.480149628641
0.375   0.505387411691
0.4   0.52930670755
0.425   0.551947820779
0.45   0.573357661123
0.475   0.593587558131
0.5   0.612691335203
0.525   0.630723680773
0.55   0.647738830622
0.575   0.663789555189
0.6   0.678926430098
0.625   0.693197357386
0.65   0.706647298823
0.675   0.719318180742
0.7   0.731248931038
0.725   0.742475612493
0.75   0.75303162151
0.775   0.762947926761
0.8   0.772253327714
0.825   0.780974717954
0.85   0.789137342469
0.875   0.796765041523
0.9   0.803880476393
0.925   0.810505334167
0.95   0.816660510105
0.975   0.822366266959
1.0   0.827642371077
1.025   0.832508205444
1.05   0.836982859872
1.075   0.841085198629
1.1   0.844833905813
1.125   0.848247508791
1.15   0.851344380151
1.175   0.85414271873
1.2   0.856660510473
1.225   0.858915470179
1.25   0.86092496546
1.275   0.862705924623
1.3   0.864274730552
1.325   0.86564710304
1.35   0.866837972409
1.375   0.867861347544
1.4   0.868730181776
1.425   0.869456240184
1.45   0.870049971998
1.475   0.870520391732
1.5   0.87087497252
1.525   0.871119554848
1.55   0.871258273448
1.575   0.871293504625
1.6   0.871225835647
1.625   0.871054057173
1.65   0.870775178953
1.675   0.8703844683
1.7   0.869875510139
1.725   0.869240286756
1.75   0.868469274803
1.775   0.867551556621
1.8   0.866474942582
1.825   0.865226100907
1.85   0.863790691304
1.875   0.86215349876
1.9   0.860298563962
1.925   0.858209307016
1.95   0.855868641419
1.975   0.853259075596
2.0   0.850362799672
2.025   0.847161755528
2.05   0.843637688593
2.075   0.839772180108
2.1   0.835546658965
2.125   0.8309423924
2.15   0.825940455053
2.175   0.82052167599
2.2   0.814666563378
2.225   0.808355206507
2.25   0.801567154912
2.275   0.79428127437
2.3   0.78647557972
2.325   0.778127044792
2.35   0.769211390304
2.375   0.759702851595
2.4   0.749573929584
2.425   0.738795130464
2.45   0.727334702593
2.475   0.715158382743
2.5   0.70222916839
2.525   0.688507137872
2.55   0.673949345766
2.575   0.658509826152
2.6   0.642139740969
2.625   0.624787713537
2.65   0.606400387563
2.675   0.586923248678
2.7   0.566301737959
2.725   0.544482674488
2.75   0.52141598679
2.775   0.497056731504
2.8   0.471367353069
2.825   0.444320112367
2.85   0.415899587317
2.875   0.386105126949
2.9   0.354953124945
2.925   0.322478971142
2.95   0.28873854168
2.975   0.253809101111
3.0   0.21778951265
3.025   0.180799684854
3.05   0.142979222326
3.075   0.10448529191
3.1   0.065489761209
3.125   0.0261757096818
