0.0   0.0
0.025   0.0403983264556
0.05   0.0806085528235
0.075   0.12044694975
0.1   0.159738333554
0.125   0.198319861962
0.15   0.236044291112
0.175   0.272782567758
0.2   0.308425671208
0.225   0.342885664171
0.25   0.376095956962
0.275   0.408010832291
0.3   0.438604314892
0.325   0.467868499285
0.35   0.495811468178
0.375   0.522454942733
0.4   0.547831804323
0.425   0.571983616582
0.45   0.594958258371
0.475   0.616807755082
0.5   0.637586370037
0.525   0.657348992044
0.55   0.676149831587
0.575   0.694041418203
0.6   0.711073876257
0.625   0.727294445939
0.65   0.742747210555
0.675   0.757472989572
0.7   0.771509358336
0.725   0.784890759194
0.75   0.797648673779
0.775   0.809811831811
0.8   0.821406437292
0.825   0.832456398004
0.85   0.842983548497
0.875   0.853007860275
0.9   0.862547635554
0.925   0.871619682923
0.95   0.880239474612
0.975   0.888421285925
1.0   0.896178317912
1.025   0.903522804606
1.05   0.910466106245
1.075   0.917018789834
1.1   0.92319069838
1.125   0.92899100995
1.15   0.934428287642
1.175   0.939510521422
1.2   0.944245162685
1.225   0.948639152332
1.25   0.952698943082
1.275   0.956430516678
1.3   0.959839396648
1.325   0.962930657199
1.35   0.965708928845
1.375   0.968178401326
1.4   0.970342824361
1.425   0.972205506746
1.45   0.973769314299
1.475   0.97503666709
1.5   0.976009536389
1.525   0.976689441679
1.55   0.977077448041
1.575   0.977174164178
1.6   0.976979741214
1.625   0.976493872405
1.65   0.975715793767
1.675   0.974644285575
1.7   0.973277674603
1.725   0.971613836914
1.75   0.969650200924
1.775   0.967383750427
1.8   0.964811027174
1.825   0.961928132612
1.85   0.958730728287
1.875   0.955214034422
1.9   0.951372826154
1.925   0.947201426863
1.95   0.942693698037
1.975   0.937843025077
2.0   0.932642298431
2.025   0.927083889414
2.05   0.921159620011
2.075   0.914860725954
2.1   0.908177812226
2.125   0.901100800136
2.15   0.893618864948
2.175   0.88572036296
2.2   0.877392746817
2.225   0.868622467728
2.25   0.859394863179
2.275   0.849694028753
2.3   0.839502672795
2.325   0.82880195298
2.35   0.817571294468
2.375   0.805788190352
2.4   0.793427986636
2.425   0.780463656203
2.45   0.76686556913
2.475   0.75260127054
2.5   0.737635281671
2.525   0.721928945136
2.55   0.705440340896
2.575   0.688124304979
2.6   0.669932587698
2.625   0.650814191205
2.65   0.630715926826
2.675   0.609583229614
2.7   0.587361260383
2.725   0.563996313381
2.75   0.539437530831
2.775   0.513638904281
2.8   0.486561518189
2.825   0.458175965244
2.85   0.428464837795
2.875   0.397425177961
2.9   0.36507075306
2.925   0.331434015094
2.95   0.296567604805
2.975   0.260545273112
3.0   0.223462115375
3.025   0.185434045876
3.05   0.146596479208
3.075   0.107102229209
3.1   0.0671186815115
3.125   0.0268243394752
