0.0   0.0
0.025   0.00349345711052
0.05   0.00697285081692
0.075   0.0104242030717
0.1   0.0138337061373
0.125   0.0171878067349
0.15   0.0204732889948
0.175   0.0236773558222
0.2   0.0267877083051
0.225   0.0297926228031
0.25   0.0326810253768
0.275   0.0354425632316
0.3   0.0380676728758
0.325   0.0405476447115
0.35   0.042874683803
0.375   0.0450419665894
0.4   0.0470436933315
0.425   0.048875136106
0.45   0.0505326821712
0.475   0.0520138725472
0.5   0.0533174356484
0.525   0.0544433157987
0.55   0.0553926964325
0.575   0.056168017729
0.6   0.0567729883489
0.625   0.0572125908184
0.65   0.0574930799321
0.675   0.0576219733158
0.7   0.0576080329813
0.725   0.0574612363164
0.75   0.0571927344766
0.775   0.0568147955814
0.8   0.0563407294929
0.825   0.0557847903081
0.85   0.0551620521155
0.875   0.0544882531796
0.9   0.0537796037178
0.925   0.0530525530591
0.95   0.0523235135173
0.975   0.0516085410278
1.0   0.0509229766693
1.025   0.0502810585553
1.05   0.0496955198475
1.075   0.0491771949781
1.1   0.0487346613322
1.125   0.0483739461918
1.15   0.0480983274187
1.175   0.0479082505237
1.2   0.047801374838
1.225   0.0477727489705
1.25   0.0478151028784
1.275   0.0479192331111
1.3   0.0480744509668
1.325   0.0482690611985
1.35   0.0484908411894
1.375   0.0487274959675
1.4   0.0489670714797
1.425   0.0491983157376
1.45   0.0494109836856
1.475   0.04959608638
1.5   0.0497460881265
1.525   0.0498550567781
1.55   0.0499187727205
1.575   0.0499348015093
1.6   0.0499025339621
1.625   0.0498231959892
1.65   0.0496998287423
1.675   0.0495372379181
1.7   0.0493419093923
1.725   0.0491218869396
1.75   0.0488866068065
1.775   0.0486466836013
1.8   0.0484136426695
1.825   0.0481995961548
1.85   0.0480168635639
1.875   0.0478775429321
1.9   0.0477930453362
1.925   0.0477736127873
1.95   0.0478278462286
1.975   0.0479622749154
2.0   0.0481809993618
2.025   0.0484854363378
2.05   0.0488741861019
2.075   0.0493430303362
2.1   0.0498850562258
2.125   0.0504908902363
2.15   0.0511490164779
2.175   0.0518461502426
2.2   0.0525676373863
2.225   0.0532978538253
2.25   0.0540205851255
2.275   0.0547193725994
2.3   0.05537781836
2.325   0.0559798467323
2.35   0.0565099230355
2.375   0.05695323304
2.4   0.0572958276104
2.425   0.0575247374253
2.45   0.0576280625157
2.475   0.0575950408869
2.5   0.0574160998812
2.525   0.0570828932851
2.55   0.0565883265816
2.575   0.0559265722115
2.6   0.055093076258
2.625   0.0540845576114
2.65   0.0528990003869
2.675   0.0515356401599
2.7   0.0499949444258
2.725   0.0482785875871
2.75   0.0463894206956
2.775   0.0443314361376
2.8   0.0421097274266
2.825   0.0397304442617
2.85   0.0372007430166
2.875   0.034528732835
2.9   0.0317234175301
2.925   0.0287946335026
2.95   0.0257529839211
2.975   0.0226097694259
3.0   0.0193769156465
3.025   0.0160668978403
3.05   0.012692662985
3.075   0.00926754967117
3.1   0.00580520616096
3.125   0.00231950699122
