0.0   0.0
0.025   0.0201412056415
0.05   0.0400605989164
0.075   0.0595419817811
0.1   0.0783801777668
0.125   0.0963860360481
0.15   0.113390857325
0.175   0.129250096236
0.2   0.1438462312
0.225   0.157090732671
0.25   0.168925101987
0.275   0.179320992608
0.3   0.188279461043
0.325   0.195829424195
0.35   0.202025421839
0.375   0.206944796833
0.4   0.210684411817
0.425   0.213357020548
0.45   0.215087406566
0.475   0.216008394069
0.5   0.216256828435
0.525   0.215969619276
0.55   0.215279939162
0.575   0.214313676444
0.6   0.213186249151
0.625   0.211999894849
0.65   0.210841552621
0.675   0.209781441992
0.7   0.208872415041
0.725   0.208150111719
0.75   0.207633889044
0.775   0.207328431761
0.8   0.207225896689
0.825   0.207308405796
0.85   0.207550689969
0.875   0.207922696788
0.9   0.208392006406
0.925   0.208925941807
0.95   0.209493304943
0.975   0.210065711694
1.0   0.210618532054
1.025   0.211131465925
1.05   0.211588799824
1.075   0.211979397178
1.1   0.212296476752
1.125   0.212537231896
1.15   0.212702339244
1.175   0.212795400236
1.2   0.21282235309
1.225   0.212790886902
1.25   0.212709883654
1.275   0.212588908052
1.3   0.212437759498
1.325   0.212266095012
1.35   0.212083126867
1.375   0.211897394076
1.4   0.211716602896
1.425   0.211547528305
1.45   0.21139596609
1.475   0.211266723769
1.5   0.211163638119
1.525   0.211089607478
1.55   0.211046628176
1.575   0.211035826273
1.6   0.211057478093
1.625   0.21111101574
1.65   0.211195016593
1.675   0.211307178735
1.7   0.211444287054
1.725   0.211602177331
1.75   0.211775707803
1.775   0.211958749314
1.8   0.212144206118
1.825   0.212324079495
1.85   0.212489585605
1.875   0.212631337267
1.9   0.212739596733
1.925   0.212804603058
1.95   0.212816973438
1.975   0.21276817314
2.0   0.212651043384
2.025   0.212460371047
2.05   0.212193478301
2.075   0.211850804453
2.1   0.211436446289
2.125   0.210958617349
2.15   0.21042998088
2.175   0.209867806302
2.2   0.209293895535
2.225   0.208734224768
2.25   0.208218250709
2.275   0.207777840111
2.3   0.207445799147
2.325   0.207254006452
2.35   0.20723119008
2.375   0.207400431966
2.4   0.207776528553
2.425   0.208363375582
2.45   0.209151570096
2.475   0.210116426149
2.5   0.211216579232
2.525   0.212393310143
2.55   0.213570659797
2.575   0.214656343346
2.6   0.215543416225
2.625   0.216112604191
2.65   0.21623518692
2.675   0.215776318294
2.7   0.214598670713
2.725   0.212566299495
2.75   0.209548631215
2.775   0.205424483533
2.8   0.200086022546
2.825   0.193442557969
2.85   0.185424068531
2.875   0.175984342673
2.9   0.165103615554
2.925   0.152790584868
2.95   0.139083696634
2.975   0.124051608765
3.0   0.107792764799
3.025   0.0904340418502
3.05   0.0721284739576
3.075   0.0530520924597
3.1   0.0333999661623
3.125   0.0133815631297
