0.0   0.0
0.025   0.0249976380738
0.05   0.0497529130921
0.075   0.0740288758726
0.1   0.0975992141965
0.125   0.120253105298
0.15   0.141799539015
0.175   0.162070982452
0.2   0.18092629284
0.225   0.198252824648
0.25   0.213967717038
0.275   0.228018385428
0.3   0.240382273696
0.325   0.25106594908
0.35   0.260103638496
0.375   0.267555311884
0.4   0.273504415109
0.425   0.278055342501
0.45   0.281330718725
0.475   0.283468533604
0.5   0.284619144711
0.525   0.2849421351
0.55   0.284602992297
0.575   0.283769565226
0.6   0.282608264019
0.625   0.281279998542
0.65   0.279935906829
0.675   0.278713001009
0.7   0.277729944713
0.725   0.277083253094
0.75   0.27684425085
0.775   0.277057112848
0.8   0.27773823574
0.825   0.2788770548
0.85   0.280438254748
0.875   0.282365164193
0.9   0.284584006117
0.925   0.287008622982
0.95   0.289545306287
0.975   0.292097421877
1.0   0.294569610452
1.025   0.296871434699
1.05   0.298920423779
1.075   0.300644524055
1.1   0.301984000789
1.125   0.30289285185
1.15   0.303339796205
1.175   0.303308891833
1.2   0.302799823773
1.225   0.301827886067
1.25   0.300423663331
1.275   0.298632400038
1.3   0.296513029491
1.325   0.294136821653
1.35   0.291585601817
1.375   0.288949493681
1.4   0.286324154873
1.425   0.283807504013
1.45   0.281495988704
1.475   0.279480512062
1.5   0.277842214848
1.525   0.276648387098
1.55   0.275948837956
1.575   0.275773064659
1.6   0.276128517127
1.625   0.277000152643
1.65   0.278351332059
1.675   0.280125954651
1.7   0.282251596771
1.725   0.284643336036
1.75   0.287207918364
1.775   0.289847953967
1.8   0.292465893022
1.825   0.294967611463
1.85   0.297265514127
1.875   0.299281125117
1.9   0.300947178875
1.925   0.302209250542
1.95   0.303026973781
1.975   0.303374892477
2.0   0.303242983289
2.025   0.302636871892
2.05   0.301577748958
2.075   0.300101974
2.1   0.29826033738
2.125   0.296116934583
2.15   0.29374759452
2.175   0.291237798338
2.2   0.288680031303
2.225   0.286170532771
2.25   0.283805452466
2.275   0.281676487091
2.3   0.279866156225
2.325   0.278442969399
2.35   0.277456818148
2.375   0.276934973682
2.4   0.276879061029
2.425   0.277263303976
2.45   0.278034200409
2.475   0.279111621956
2.5   0.280391173058
2.525   0.281747527919
2.55   0.28303840988
2.575   0.284108887586
2.6   0.28479572042
2.625   0.284931568593
2.65   0.284348967993
2.675   0.282884040087
2.7   0.280379954271
2.725   0.276690182913
2.75   0.271681590955
2.775   0.26523738788
2.8   0.257259945838
2.825   0.247673459376
2.85   0.236426393871
2.875   0.223493645352
2.9   0.208878316433
2.925   0.192613003702
2.95   0.174760492125
2.975   0.15541376228
3.0   0.134695236018
3.025   0.112755214318
3.05   0.0897694958102
3.075   0.065936203221
3.1   0.0414718851282
3.125   0.0166069989329
