0.0   0.0
0.025   0.0297084170656
0.05   0.0592996984075
0.075   0.0886574255132
0.1   0.117666610908
0.125   0.146214405239
0.15   0.174190794299
0.175   0.201489282752
0.2   0.228007561407
0.225   0.253648154995
0.25   0.278319047546
0.275   0.301934282603
0.3   0.324414535654
0.325   0.345687656361
0.35   0.365689178299
0.375   0.384362794102
0.4   0.401660794049
0.425   0.417544466254
0.45   0.431984456683
0.475   0.444961087256
0.5   0.456464630189
0.525   0.466495536557
0.55   0.475064616687
0.575   0.482193169441
0.6   0.487913056598
0.625   0.492266717432
0.65   0.495307117012
0.675   0.497097619776
0.7   0.49771177743
0.725   0.497233017183
0.75   0.495754212837
0.775   0.493377117343
0.8   0.490211631511
0.825   0.486374879987
0.85   0.481990063239
0.875   0.477185054123
0.9   0.472090711087
0.925   0.466838888687
0.95   0.461560141623
0.975   0.45638114188
1.0   0.451421860127
1.025   0.44679260055
1.05   0.442591019047
1.075   0.438899291909
1.1   0.435781627728
1.125   0.433282321269
1.15   0.431424528272
1.175   0.43020989331
1.2   0.429619093468
1.225   0.429613279002
1.25   0.430136312158
1.275   0.431117640421
1.3   0.432475600407
1.325   0.434120937119
1.35   0.435960337899
1.375   0.437899814026
1.4   0.439847806645
1.425   0.441717938914
1.45   0.44343137657
1.475   0.444918790743
1.5   0.446121938474
1.525   0.446994888528
1.55   0.447504924199
1.575   0.447633152773
1.6   0.44737484495
1.625   0.446739518427
1.65   0.445750769263
1.675   0.444445843757
1.7   0.442874933346
1.725   0.441100166709
1.75   0.439194268133
1.775   0.437238851065
1.8   0.435322322329
1.825   0.433537387727
1.85   0.431978174725
1.875   0.430737022757
1.9   0.429901034173
1.925   0.429548524441
1.95   0.429745551551
1.975   0.430542732771
2.0   0.431972563333
2.025   0.434047430524
2.05   0.436758467489
2.075   0.440075319723
2.1   0.443946815096
2.125   0.44830244933
2.15   0.453054536146
2.175   0.458100833371
2.2   0.463327445637
2.225   0.468611817706
2.25   0.473825662942
2.275   0.478837710665
2.3   0.483516196548
2.325   0.487731056367
2.35   0.491355812321
2.375   0.494269161798
2.4   0.496356291476
2.425   0.497509946411
2.45   0.497631285791
2.475   0.496630556016
2.5   0.494427608884
2.525   0.490952288877
2.55   0.48614470961
2.575   0.479955435693
2.6   0.472345582916
2.625   0.463286846804
2.65   0.452761467276
2.675   0.440762135303
2.7   0.427291846045
2.725   0.412363701962
2.75   0.396000668596
2.775   0.378235285293
2.8   0.359109332807
2.825   0.338673459566
2.85   0.316986768373
2.875   0.294116365307
2.9   0.270136872714
2.925   0.2451299083
2.95   0.219183532477
2.975   0.19239166631
3.0   0.164853482535
3.025   0.136672772334
3.05   0.107957290671
3.075   0.0788180831335
3.1   0.0493687973802
3.125   0.0197249823661
