0.0   0.0
0.025   0.0297302395356
0.05   0.0592329401474
0.075   0.0882856093991
0.1   0.116675652264
0.125   0.144204842261
0.15   0.170693250427
0.175   0.195982500441
0.2   0.219938255531
0.225   0.242451883972
0.25   0.263441292094
0.275   0.282850953931
0.3   0.300651202183
0.325   0.316836873987
0.35   0.331425425582
0.375   0.344454641475
0.4   0.355980066257
0.425   0.366072281602
0.45   0.374814138465
0.475   0.38229803713
0.5   0.388623327497
0.525   0.393893881106
0.55   0.398215866765
0.575   0.401695744851
0.6   0.404438482547
0.625   0.406545983838
0.65   0.408115724089
0.675   0.409239578764
0.7   0.410002838404
0.725   0.410483406129
0.75   0.410751178273
0.775   0.410867612217
0.8   0.410885486962
0.825   0.410848860996
0.85   0.410793228412
0.875   0.410745868353
0.9   0.410726375362
0.925   0.410747350211
0.95   0.410815223078
0.975   0.410931174787
1.0   0.41109211765
1.025   0.411291695946
1.05   0.411521267075
1.075   0.411770827852
1.1   0.412029855667
1.125   0.412288040852
1.15   0.412535893781
1.175   0.412765217552
1.2   0.412969443969
1.225   0.413143836632
1.25   0.413285570075
1.275   0.413393697852
1.3   0.413469025349
1.325   0.413513904898
1.35   0.41353197155
1.375   0.41352783788
1.4   0.413506765447
1.425   0.413474329312
1.45   0.413436090367
1.475   0.413397288377
1.5   0.41336256667
1.525   0.413335737409
1.55   0.413319594485
1.575   0.413315779259
1.6   0.413324702705
1.625   0.413345525948
1.65   0.413376199675
1.675   0.413413561435
1.7   0.413453488328
1.725   0.413491100965
1.75   0.413521012874
1.775   0.413537617699
1.8   0.413535404563
1.825   0.413509289997
1.85   0.413454952894
1.875   0.413369157139
1.9   0.413250045036
1.925   0.413097383605
1.95   0.412912745281
1.975   0.412699604824
2.0   0.412463335361
2.025   0.412211088618
2.05   0.411951547664
2.075   0.411694544828
2.1   0.411450542952
2.125   0.411229984489
2.15   0.411042520078
2.175   0.410896135505
2.2   0.410796203068
2.225   0.410744489579
2.25   0.410738157926
2.275   0.410768801792
2.3   0.410821553294
2.325   0.410874300846
2.35   0.410897049689
2.375   0.410851450707
2.4   0.41069051526
2.425   0.410358525792
2.45   0.409791144931
2.475   0.408915720607
2.5   0.407651782007
2.525   0.405911721038
2.55   0.403601656225
2.575   0.400622479834
2.6   0.396871093446
2.625   0.392241840964
2.65   0.386628149783
2.675   0.379924389424
2.7   0.372027951468
2.725   0.362841544734
2.75   0.352275685366
2.775   0.340251343631
2.8   0.326702688954
2.825   0.311579853822
2.85   0.294851617633
2.875   0.276507895633
2.9   0.256561907663
2.925   0.235051898473
2.95   0.212042286822
2.975   0.187624135247
3.0   0.161914855818
3.025   0.135057098498
3.05   0.107216806117
3.075   0.0785804611176
3.1   0.049351591364
3.125   0.0197466425066
