0.0   0.0
0.025   0.0178788074949
0.05   0.035545361854
0.075   0.0527932435245
0.1   0.0694274844223
0.125   0.085269764953
0.15   0.100163005269
0.175   0.113975194362
0.2   0.126602335234
0.225   0.137970422721
0.25   0.148036410005
0.275   0.156788157938
0.3   0.164243396099
0.325   0.170447754622
0.35   0.175471950827
0.375   0.17940823528
0.4   0.182366219582
0.425   0.184468225324
0.45   0.185844312699
0.475   0.18662716977
0.5   0.186947068873
0.525   0.186927121394
0.55   0.186679078745
0.575   0.18629992578
0.6   0.185869482919
0.625   0.185449169123
0.65   0.185081981839
0.675   0.184793634458
0.7   0.184594676805
0.725   0.18448333201
0.75   0.184448730818
0.775   0.184474218914
0.8   0.184540449547
0.825   0.184628039858
0.85   0.184719648693
0.875   0.184801412173
0.9   0.184863740944
0.925   0.184901535247
0.95   0.184913910094
0.975   0.184903544471
1.0   0.184875778234
1.025   0.184837580389
1.05   0.184796504588
1.075   0.184759733007
1.1   0.184733289591
1.125   0.184721479001
1.15   0.184726580456
1.175   0.184748798104
1.2   0.184786444117
1.225   0.184836309717
1.25   0.184894164711
1.275   0.18495531874
1.3   0.185015177638
1.325   0.185069735073
1.35   0.185115951831
1.375   0.185151990844
1.4   0.185177293612
1.425   0.185192501248
1.45   0.185199239499
1.475   0.18519980044
1.5   0.185196763083
1.525   0.185192600181
1.55   0.185189318535
1.575   0.185188175271
1.6   0.185189503235
1.625   0.185192665739
1.65   0.185196145913
1.675   0.185197760257
1.7   0.18519497152
1.725   0.18518526424
1.75   0.185166538306
1.775   0.185137472716
1.8   0.185097813386
1.825   0.185048545526
1.85   0.184991921951
1.875   0.184931333163
1.9   0.184871021742
1.925   0.184815661394
1.95   0.184769838101
1.975   0.184737485564
2.0   0.184721337715
2.025   0.184722465717
2.05   0.184739964585
2.075   0.184770844696
2.1   0.184810166532
2.125   0.184851434265
2.15   0.184887237411
2.175   0.184910102074
2.2   0.184913486777
2.225   0.184892834602
2.25   0.184846574867
2.275   0.184776955102
2.3   0.184690578703
2.325   0.184598526723
2.35   0.1845159557
2.375   0.18446108967
2.4   0.184453565961
2.425   0.18451215197
2.45   0.184651922226
2.475   0.184881065125
2.5   0.185197565468
2.525   0.18558606684
2.55   0.186015241601
2.575   0.186435974943
2.6   0.186780602489
2.625   0.186963338727
2.65   0.186881915845
2.675   0.186420341589
2.7   0.185452598554
2.725   0.183847054916
2.75   0.181471337116
2.775   0.178197420739
2.8   0.1739067162
2.825   0.168494951488
2.85   0.161876678951
2.875   0.153989254365
2.9   0.144796154703
2.925   0.134289518077
2.95   0.12249180771
2.975   0.109456523778
3.0   0.0952679136352
3.025   0.0800396627437
3.05   0.0639125846956
3.075   0.0470513675413
3.1   0.0296404729887
3.125   0.0118793224215
