0.0   0.0
0.025   0.03818350815
0.05   0.0761682140126
0.075   0.113759768435
0.1   0.150772532851
0.125   0.187033457603
0.15   0.222385421275
0.175   0.256689904232
0.2   0.289828909788
0.225   0.321706090563
0.25   0.352247082657
0.275   0.381399092805
0.3   0.409129820809
0.325   0.435425828871
0.35   0.460290489189
0.375   0.483741650651
0.4   0.505809164689
0.425   0.526532400446
0.45   0.545957861983
0.475   0.564136997695
0.5   0.58112426676
0.525   0.596975501802
0.55   0.611746583091
0.575   0.625492419162
0.6   0.638266212697
0.625   0.650118979285
0.65   0.661099280149
0.675   0.671253127485
0.7   0.68062402199
0.725   0.689253085353
0.75   0.697179255305
0.775   0.70443951618
0.8   0.711069143483
0.825   0.717101946058
0.85   0.72257049393
0.875   0.727506323673
0.9   0.73194011611
0.925   0.7359018435
0.95   0.739420885077
0.975   0.742526111104
1.0   0.745245936528
1.025   0.747608345999
1.05   0.749640892553
1.075   0.751370672605
1.1   0.75282428022
1.125   0.754027743859
1.15   0.755006448926
1.175   0.755785049539
1.2   0.756387372953
1.225   0.756836319967
1.25   0.757153764458
1.275   0.75736045494
1.3   0.757475920642
1.325   0.757518384207
1.35   0.757504682584
1.375   0.757450197181
1.4   0.757368793813
1.425   0.75727277249
1.45   0.757172826639
1.475   0.757078011012
1.5   0.756995717279
1.525   0.756931656191
1.55   0.756889845181
1.575   0.756872600406
1.6   0.756880532437
1.625   0.756912545132
1.65   0.756965837535
1.675   0.757035909041
1.7   0.757116568399
1.725   0.757199947383
1.75   0.757276520194
1.775   0.757335129712
1.8   0.757363021706
1.825   0.757345887942
1.85   0.75726791885
1.875   0.75711186604
1.9   0.75685911451
1.925   0.756489763844
1.95   0.755982717227
1.975   0.755315776516
2.0   0.754465741194
2.025   0.753408508554
2.05   0.752119172171
2.075   0.750572115421
2.1   0.748741096693
2.125   0.746599322843
2.15   0.744119507476
2.175   0.741273910753
2.2   0.738034357552
2.225   0.734372231123
2.25   0.730258439621
2.275   0.725663353398
2.3   0.720556711441
2.325   0.714907496136
2.35   0.708683776561
2.375   0.701852521945
2.4   0.694379388843
2.425   0.686228488123
2.45   0.677362141104
2.475   0.667740638172
2.5   0.657322017959
2.525   0.646061890428
2.55   0.633913332746
2.575   0.620826892101
2.6   0.606750733975
2.625   0.591630976935
2.65   0.575412254895
2.675   0.558038544058
2.7   0.539454283706
2.725   0.519605807115
2.75   0.49844308131
2.775   0.47592173261
2.8   0.452005310279
2.825   0.426667714759
2.85   0.399895692329
2.875   0.371691276875
2.9   0.342074044377
2.925   0.311083038685
2.95   0.278778229799
2.975   0.245241378778
3.0   0.21057620654
3.025   0.174907795981
3.05   0.138381196085
3.075   0.101159240451
3.1   0.0634196377674
3.125   0.0253514349555
