0.0   0.0
0.025   0.0209321661341
0.05   0.0416439117641
0.075   0.06192037092
0.1   0.0815575770065
0.125   0.100367399312
0.15   0.118181893867
0.175   0.134856921405
0.2   0.150274921919
0.225   0.16434677618
0.25   0.17701272695
0.275   0.188242373735
0.3   0.198033792517
0.325   0.206411863807
0.35   0.213425917456
0.375   0.219146819966
0.4   0.223663639746
0.425   0.227080028394
0.45   0.229510452707
0.475   0.231076404355
0.5   0.231902703388
0.525   0.232113999525
0.55   0.231831562409
0.575   0.231170439236
0.6   0.230237045148
0.625   0.229127237802
0.65   0.227924911638
0.675   0.226701128788
0.7   0.225513782114
0.725   0.224407762436
0.75   0.223415578357
0.775   0.222558355984
0.8   0.221847129835
0.825   0.221284327652
0.85   0.220865351587
0.875   0.22058016595
0.9   0.22041481571
0.925   0.220352817709
0.95   0.220376385434
0.975   0.220467465913
1.0   0.22060858212
1.025   0.220783485585
1.05   0.220977631477
1.075   0.221178492919
1.1   0.221375733338
1.125   0.221561256183
1.15   0.221729151115
1.175   0.221875555207
1.2   0.221998447297
1.225   0.22209739333
1.25   0.222173260317
1.275   0.222227916176
1.3   0.222263931952
1.325   0.222284301555
1.35   0.22229219192
1.375   0.222290733538
1.4   0.222282857576
1.425   0.222271181683
1.45   0.222257942347
1.475   0.222244967804
1.5   0.22223368244
1.525   0.222225131639
1.55   0.222220015502
1.575   0.222218720674
1.6   0.222221341761
1.625   0.22222768703
1.65   0.222237267058
1.675   0.222249269029
1.7   0.222262523172
1.725   0.222275470741
1.75   0.222286144738
1.775   0.22229217494
1.8   0.222290827741
1.825   0.222279088967
1.85   0.222253794433
1.875   0.222211808946
1.9   0.222150250278
1.925   0.222066750553
1.95   0.221959744011
1.975   0.221828767421
2.0   0.221674757435
2.025   0.221500328088
2.05   0.221310011011
2.075   0.221110440641
2.1   0.220910466527
2.125   0.22072117444
2.15   0.220555797564
2.175   0.220429498542
2.2   0.220359003088
2.225   0.220362066823
2.25   0.220456759817
2.275   0.220660558688
2.3   0.22098924499
2.325   0.221455621088
2.35   0.222068070694
2.375   0.222829009535
2.4   0.223733290443
2.425   0.224766643946
2.45   0.225904247585
2.475   0.227109522345
2.5   0.228333251512
2.525   0.229513106001
2.55   0.230573642208
2.575   0.23142681614
2.6   0.231973033734
2.625   0.232102734379
2.65   0.231698484089
2.675   0.230637537208
2.7   0.228794810342
2.725   0.226046198714
2.75   0.222272152211
2.775   0.217361415659
2.8   0.211214825154
2.825   0.203749040458
2.85   0.194900083489
2.875   0.184626546506
2.9   0.172912332063
2.925   0.15976879173
2.95   0.145236142776
2.975   0.129384062
3.0   0.112311383354
3.025   0.094144860055
3.05   0.0750369908484
3.075   0.0551629519526
3.1   0.0347167183496
3.125   0.0139064978838
