0.0   0.0
0.025   0.035428204249
0.05   0.0706419636515
0.075   0.105431329417
0.1   0.139595149369
0.125   0.172944989571
0.15   0.205308516801
0.175   0.236532214302
0.2   0.266483342839
0.225   0.295051102799
0.25   0.322146997611
0.275   0.347704441053
0.3   0.371677688103
0.325   0.394040198517
0.35   0.414782562625
0.375   0.433910129114
0.4   0.451440474831
0.425   0.46740084789
0.45   0.481825699131
0.475   0.494754395473
0.5   0.506229184162
0.525   0.516293451881
0.55   0.524990298981
0.575   0.532361428599
0.6   0.538446333985
0.625   0.543281755636
0.65   0.5469013726
0.675   0.549335689289
0.7   0.550612079369
0.725   0.550754951094
0.75   0.549786002762
0.775   0.547724542146
0.8   0.544587849021
0.825   0.540391564917
0.85   0.535150098634
0.875   0.528877039719
0.9   0.52158557505
0.925   0.513288905973
0.95   0.504000665168
0.975   0.493735333831
1.0   0.482508661026
1.025   0.47033808831
1.05   0.457243184393
1.075   0.443246096796
1.1   0.428372030731
1.125   0.412649770304
1.15   0.396112264498
1.175   0.378797311614
1.2   0.360748393108
1.225   0.342015734746
1.25   0.322657715663
1.275   0.302742814812
1.3   0.282352397309
1.325   0.261584832094
1.35   0.240561752577
1.375   0.219437818734
1.4   0.198416264475
1.425   0.177774006447
1.45   0.157902143524
1.475   0.139368967616
1.5   0.12300646427
1.525   0.109986156273
1.55   0.10175208488
1.575   0.0995885264869
1.6   0.103896792414
1.625   0.113906057176
1.65   0.128202633508
1.675   0.145408242588
1.7   0.164469474503
1.725   0.18465349033
1.75   0.205460248067
1.775   0.226542827975
1.8   0.247652707036
1.825   0.268605217283
1.85   0.289258194082
1.875   0.309498708314
1.9   0.329234680972
1.925   0.348389461668
1.95   0.366898229869
1.975   0.384705534467
2.0   0.401763555037
2.025   0.418030826825
2.05   0.433471266974
2.075   0.448053398036
2.1   0.46174970132
2.125   0.4745360558
2.15   0.486391233223
2.175   0.49729642979
2.2   0.507234821167
2.225   0.516191131851
2.25   0.524151212758
2.275   0.531101622889
2.3   0.53702921239
2.325   0.541920705605
2.35   0.545762283953
2.375   0.548539170004
2.4   0.550235216005
2.425   0.550832502633
2.45   0.550310956913
2.475   0.548648002172
2.5   0.54581825754
2.525   0.541793309612
2.55   0.536541584226
2.575   0.53002835124
2.6   0.522215899108
2.625   0.513063918082
2.65   0.502530130108
2.675   0.490571199096
2.7   0.477143946567
2.725   0.462206884303
2.75   0.44572205779
2.775   0.42765717248
2.8   0.40798795057
2.825   0.38670064084
2.85   0.363794580355
2.875   0.339284686784
2.9   0.31320374622
2.925   0.285604355453
2.95   0.256560381269
2.975   0.226167813007
3.0   0.194544908158
3.025   0.16183156308
3.05   0.128187880053
3.075   0.0937919452585
3.1   0.0588368769151
3.125   0.0235272454595
