0.0   0.0
0.025   0.0403098483854
0.05   0.0804311848271
0.075   0.120179871472
0.1   0.159380322838
0.125   0.197869304868
0.15   0.235499195187
0.175   0.272140578457
0.2   0.307684091317
0.225   0.342041475986
0.25   0.375145846921
0.275   0.40695121766
0.3   0.437431372037
0.325   0.466578192991
0.35   0.494399581462
0.375   0.520917106581
0.4   0.546163526832
0.425   0.570180311061
0.45   0.593015270056
0.475   0.614720386265
0.5   0.635349903552
0.525   0.654958713189
0.55   0.673601048719
0.575   0.691329482324
0.6   0.708194200034
0.625   0.724242522613
0.65   0.739518633253
0.675   0.754063471492
0.7   0.767914754275
0.725   0.781107088812
0.75   0.793672146936
0.775   0.805638876224
0.8   0.817033728699
0.825   0.827880892898
0.85   0.838202519437
0.875   0.848018933666
0.9   0.857348831703
0.925   0.866209458088
0.95   0.874616764665
0.975   0.882585551149
1.0   0.890129588378
1.025   0.89726172548
1.05   0.903993982282
1.075   0.910337628282
1.1   0.916303249401
1.125   0.92190080367
1.15   0.92713966688
1.175   0.932028669153
1.2   0.93657612331
1.225   0.940789845851
1.25   0.944677171357
1.275   0.948244961055
1.3   0.951499606318
1.325   0.954447027853
1.35   0.957092671326
1.375   0.959441500178
1.4   0.961497986385
1.425   0.963266099877
1.45   0.964749297351
1.475   0.965950511113
1.5   0.966872138587
1.525   0.967516033035
1.55   0.967883495939
1.575   0.967975271437
1.6   0.967791543067
1.625   0.967331932976
1.65   0.966595503641
1.675   0.965580762002
1.7   0.96428566584
1.725   0.962707632069
1.75   0.960843546545
1.775   0.958689774902
1.8   0.956242173832
1.825   0.953496102181
1.85   0.950446431176
1.875   0.947087553064
1.9   0.943413387435
1.925   0.939417384463
1.95   0.935092524335
1.975   0.930431312093
2.0   0.925425767154
2.025   0.920067406738
2.05   0.914347222442
2.075   0.908255649156
2.1   0.901782525492
2.125   0.894917044809
2.15   0.88764769588
2.175   0.879962192114
2.2   0.871847388161
2.225   0.86328918265
2.25   0.854272405718
2.275   0.84478069004
2.3   0.834796324159
2.325   0.824300087293
2.35   0.813271065378
2.375   0.801686449153
2.4   0.789521316621
2.425   0.776748404422
2.45   0.763337875594
2.475   0.749257094967
2.5   0.734470427987
2.525   0.718939084015
2.55   0.702621030689
2.575   0.685471011461
2.6   0.667440703093
2.625   0.648479052998
2.65   0.628532836835
2.675   0.607547473796
2.7   0.585468129768
2.725   0.562241126426
2.75   0.537815657387
2.775   0.512145791201
2.8   0.485192716474
2.825   0.456927158473
2.85   0.42733187146
2.875   0.396404089231
2.9   0.36415780044
2.925   0.330625707399
2.95   0.295860728905
2.975   0.259936919937
3.0   0.222949703719
3.025   0.185015343649
3.05   0.14626962184
3.075   0.106865735003
3.1   0.0669714638131
3.125   0.0267657155589
