0.0   0.0
0.025   0.0401019617491
0.05   0.0800144366353
0.075   0.119552319659
0.1   0.158539073715
0.125   0.196810536328
0.15   0.234218187468
0.175   0.270631752241
0.2   0.305941052797
0.225   0.340057068377
0.25   0.372912207708
0.275   0.404459840657
0.3   0.43467317318
0.325   0.463543578629
0.35   0.491078517836
0.375   0.517299189185
0.4   0.542238048431
0.425   0.565936327305
0.45   0.588441661922
0.475   0.609805918818
0.5   0.630083280899
0.525   0.649328629829
0.55   0.667596237809
0.575   0.684938761671
0.6   0.701406516796
0.625   0.717046997854
0.65   0.731904607536
0.675   0.746020552675
0.7   0.759432868612
0.725   0.772176536342
0.75   0.78428366196
0.775   0.795783693535
0.8   0.80670365598
0.825   0.817068389533
0.85   0.826900781745
0.875   0.836221986359
0.9   0.845051625137
0.925   0.853407970649
0.95   0.861308109414
0.975   0.868768085608
1.0   0.875803026117
1.025   0.882427247951
1.05   0.888654349138
1.075   0.894497284205
1.1   0.899968425352
1.125   0.905079610285
1.15   0.909842177703
1.175   0.914266991312
1.2   0.918364453307
1.225   0.922144508185
1.25   0.925616637873
1.275   0.928789849131
1.3   0.931672654284
1.325   0.934273046416
1.35   0.936598470178
1.375   0.938655789458
1.4   0.940451253165
1.425   0.941990460412
1.45   0.943278326349
1.475   0.944319049875
1.5   0.945116084351
1.525   0.945672112347
1.55   0.945989025299
1.575   0.946067908789
1.6   0.945909033949
1.625   0.945511855303
1.65   0.944875015104
1.675   0.943996354036
1.7   0.942872927888
1.725   0.941501029636
1.75   0.939876216159
1.775   0.937993338648
1.8   0.935846575666
1.825   0.933429467663
1.85   0.930734951737
1.875   0.927755395357
1.9   0.92448262778
1.925   0.920907967897
1.95   0.917022247312
1.975   0.912815827484
2.0   0.908278609844
2.025   0.903400037854
2.05   0.898169090043
2.075   0.892574263093
2.1   0.886603544057
2.125   0.880244370836
2.15   0.873483579958
2.175   0.866307340722
2.2   0.858701074645
2.225   0.850649359148
2.25   0.842135814331
2.275   0.833142971752
2.3   0.823652124246
2.325   0.813643156177
2.35   0.803094354114
2.375   0.791982198965
2.4   0.78028114214
2.425   0.767963370474
2.45   0.754998567648
2.475   0.741353683516
2.5   0.726992727397
2.525   0.711876606512
2.55   0.695963036376
2.575   0.679206555388
2.6   0.661558680496
2.625   0.642968243897
2.65   0.623381951168
2.675   0.602745198188
2.7   0.581003176866
2.725   0.558102287525
2.75   0.533991858761
2.775   0.508626154233
2.8   0.481966621329
2.825   0.453984310723
2.85   0.424662370765
2.875   0.393998498971
2.9   0.362007217022
2.925   0.328721827926
2.95   0.294195915921
2.975   0.258504262039
3.0   0.221743071027
3.025   0.184029437271
3.05   0.14550001669
3.075   0.106308915496
3.1   0.0666248521366
3.125   0.0266276923251
