0.0   0.0
0.025   0.0215938848084
0.05   0.0429666777566
0.075   0.0639028841792
0.1   0.0841979930777
0.125   0.103663453019
0.15   0.12213105857
0.175   0.139456597959
0.2   0.155522648763
0.225   0.170240448655
0.25   0.183550809987
0.275   0.195424087677
0.3   0.205859247271
0.325   0.214882112457
0.35   0.222542897373
0.375   0.228913148487
0.4   0.234082233581
0.425   0.238153522179
0.45   0.241240403594
0.475   0.243462286641
0.5   0.244940719802
0.525   0.245795762632
0.55   0.24614272812
0.575   0.246089400882
0.6   0.245733816296
0.625   0.24516266022
0.65   0.244450317591
0.675   0.243658562339
0.7   0.242836843171
0.725   0.242023083862
0.75   0.241244886954
0.775   0.240521010182
0.8   0.239862977836
0.825   0.239276695356
0.85   0.238763953242
0.875   0.23832373284
0.9   0.237953258054
0.925   0.237648769498
0.95   0.237406027613
0.975   0.237220576309
1.0   0.237087816896
1.025   0.237002952793
1.05   0.236960868612
1.075   0.236956003362
1.1   0.236982267814
1.125   0.237033042082
1.15   0.237101272958
1.175   0.237179673414
1.2   0.2372610108
1.225   0.237338457108
1.25   0.237405965436
1.275   0.237458632117
1.3   0.237493004038
1.325   0.237507295125
1.35   0.237501484242
1.375   0.237477277847
1.4   0.237437933617
1.425   0.237387954726
1.45   0.237332677306
1.475   0.237277784627
1.5   0.237228789688
1.525   0.237190532174
1.55   0.237166735641
1.575   0.237159666099
1.6   0.237169924143
1.625   0.237196390415
1.65   0.23723632955
1.675   0.23728564268
1.7   0.237339244477
1.725   0.237391529304
1.75   0.237436883351
1.775   0.237470196387
1.8   0.237487328109
1.825   0.237485489657
1.85   0.23746351004
1.875   0.237421968941
1.9   0.237363190504
1.925   0.237291106152
1.95   0.237211006851
1.975   0.237129215529
2.0   0.237052717457
2.025   0.236988789497
2.05   0.236944667619
2.075   0.236927285931
2.1   0.236943109839
2.125   0.236998071823
2.15   0.237097601825
2.175   0.237246727178
2.2   0.237450201127
2.225   0.237712606265
2.25   0.238038371285
2.275   0.238431637825
2.3   0.238895919766
2.325   0.23943351058
2.35   0.240044614931
2.375   0.24072620763
2.4   0.241470654162
2.425   0.242264159583
2.45   0.243085142729
2.475   0.243902656682
2.5   0.244674990517
2.525   0.245348589048
2.55   0.245857415897
2.575   0.246122861815
2.6   0.246054267982
2.625   0.245550096972
2.65   0.24449974655
2.675   0.242785966895
2.7   0.240287812482
2.725   0.236884036313
2.75   0.232456816244
2.775   0.226895689647
2.8   0.220101562676
2.825   0.211990653296
2.85   0.202498222947
2.875   0.191581950805
2.9   0.179224807959
2.925   0.16543729756
2.95   0.150258941905
2.975   0.133758919139
3.0   0.116035780525
3.025   0.0972162134745
3.05   0.0774528543055
3.075   0.0569211959593
3.1   0.0358156774891
3.125   0.0143450812304
