0.0   0.0
0.025   0.0136862755535
0.05   0.0271401305616
0.075   0.0401355052452
0.1   0.0524588759504
0.125   0.0639150717584
0.15   0.0743325823801
0.175   0.0835682405934
0.2   0.0915112033779
0.225   0.0980862016155
0.25   0.103256074939
0.275   0.10702365073
0.3   0.109433056271
0.325   0.110570557355
0.35   0.110564972834
0.375   0.109587586214
0.4   0.107851209281
0.425   0.105607590192
0.45   0.103141685679
0.475   0.100760594651
0.5   0.0987747192586
0.525   0.0974699875512
0.55   0.097073654
0.575   0.0977215395579
0.6   0.09943793545
0.625   0.102136464434
0.65   0.105641349536
0.675   0.109720128958
0.7   0.114116728445
0.725   0.118577575549
0.75   0.122868682625
0.775   0.126785045805
0.8   0.130154822951
0.825   0.132840507846
0.85   0.134738646644
0.875   0.135779026747
0.9   0.135923844014
0.925   0.135167104108
0.95   0.133534380548
0.975   0.131082981187
1.0   0.127902520983
1.025   0.124115818034
1.05   0.119879869098
1.075   0.115386350476
1.1   0.110860555715
1.125   0.106556907659
1.15   0.102748379807
1.175   0.099707029639
1.2   0.0976746388038
1.225   0.0968271324158
1.25   0.0972425941447
1.275   0.0988854131256
1.3   0.101613854203
1.325   0.105207478203
1.35   0.109402800296
1.375   0.113925653077
1.4   0.118514302522
1.425   0.122932938185
1.45   0.126977969602
1.475   0.130479972302
1.5   0.133303457339
1.525   0.135345811278
1.55   0.136536128377
1.575   0.136834275523
1.6   0.136230329932
1.625   0.134744437461
1.65   0.132427100077
1.675   0.129359873862
1.7   0.125656406769
1.725   0.121463623513
1.75   0.116962611699
1.775   0.112368303889
1.8   0.107926341357
1.825   0.103904667031
1.85   0.100576957401
1.875   0.098196087074
1.9   0.09695964406
1.925   0.0969755972713
1.95   0.0982405641631
1.975   0.100640375436
2.0   0.103972674553
2.025   0.107981540072
2.05   0.112391761515
2.075   0.116934956834
2.1   0.121365760553
2.125   0.125469998597
2.15   0.129067747827
2.175   0.132013700152
2.2   0.134196409558
2.225   0.135537300382
2.25   0.135989863777
2.275   0.135539218567
2.3   0.134202086043
2.325   0.132027161886
2.35   0.129095813641
2.375   0.125522945754
2.4   0.121457708054
2.425   0.117083420381
2.45   0.112615594415
2.475   0.108296270718
2.5   0.104382283939
2.525   0.101125159332
2.55   0.0987421651103
2.575   0.0973822634662
2.6   0.0970959588157
2.625   0.0978202369009
2.65   0.0993852349225
2.675   0.101539859275
2.7   0.103986231072
2.725   0.106412332774
2.75   0.108516814921
2.775   0.11002497165
2.8   0.110697721288
2.825   0.110336059137
2.85   0.108782959736
2.875   0.105923962738
2.9   0.101687068953
2.925   0.0960421823567
2.95   0.0890001210082
2.975   0.0806111251959
3.0   0.070962766807
3.025   0.0601771788873
3.05   0.0484075597208
3.075   0.0358339503644
3.1   0.0226583314631
3.125   0.00909912963359
