0.0   0.0
0.025   0.0377661848627
0.05   0.0753315379447
0.075   0.112499698583
0.1   0.149083052819
0.125   0.184906630126
0.15   0.219811461464
0.175   0.25365727185
0.2   0.286324420702
0.225   0.317715047314
0.25   0.347753423751
0.275   0.376385559939
0.3   0.403578142844
0.325   0.42931692093
0.35   0.453604664942
0.375   0.476458845557
0.4   0.497909167884
0.425   0.517995092908
0.45   0.536763458801
0.475   0.554266292452
0.5   0.570558876336
0.525   0.585698110182
0.55   0.599741182992
0.575   0.612744550407
0.6   0.624763196259
0.625   0.635850145741
0.65   0.646056190975
0.675   0.655429787173
0.7   0.664017078396
0.725   0.671862015117
0.75   0.679006530544
0.775   0.685490748146
0.8   0.691353198382
0.825   0.696631027957
0.85   0.701360189555
0.875   0.705575603995
0.9   0.709311289992
0.925   0.712600459294
0.95   0.715475576954
0.975   0.717968388082
1.0   0.720109913598
1.025   0.721930418412
1.05   0.723459356182
1.075   0.724725295297
1.1   0.7257558311
1.125   0.726577489566
1.15   0.727215627673
1.175   0.727694335581
1.2   0.728036345395
1.225   0.728262950789
1.25   0.728393941084
1.275   0.728447552501
1.3   0.728440438383
1.325   0.728387659062
1.35   0.728302690977
1.375   0.728197453573
1.4   0.728082351504
1.425   0.72796632882
1.45   0.727856931165
1.475   0.727760371584
1.5   0.727681595416
1.525   0.727624339839
1.55   0.727591184067
1.575   0.727583586832
1.6   0.727601908664
1.625   0.727645417464
1.65   0.727712277025
1.675   0.727799519243
1.7   0.727903001877
1.725   0.72801735468
1.75   0.728135917505
1.775   0.72825067457
1.8   0.728352189384
1.825   0.728429544836
1.85   0.728470292742
1.875   0.728460416615
1.9   0.728384310713
1.925   0.728224777496
1.95   0.72796304461
1.975   0.727578801414
2.0   0.72705025397
2.025   0.726354196402
2.05   0.725466095539
2.075   0.724360185035
2.1   0.723009564468
2.125   0.721386298519
2.15   0.719461511044
2.175   0.717205468804
2.2   0.714587649671
2.225   0.711576790418
2.25   0.708140909603
2.275   0.704247301605
2.3   0.699862498688
2.325   0.694952198926
2.35   0.689481159152
2.375   0.683413053768
2.4   0.676710302474
2.425   0.669333872731
2.45   0.661243066286
2.475   0.65239530329
2.5   0.642745922414
2.525   0.632248020826
2.55   0.620852363459
2.575   0.608507396337
2.6   0.595159403042
2.625   0.580752845905
2.65   0.565230933264
2.675   0.548536450284
2.7   0.530612882592
2.725   0.511405848992
2.75   0.490864841794
2.775   0.468945251474
2.8   0.445610627674
2.825   0.420835102784
2.85   0.394605879707
2.875   0.366925664443
2.9   0.337814909106
2.925   0.307313724138
2.95   0.275483321193
2.975   0.242406861204
3.0   0.208189605301
3.025   0.172958298401
3.05   0.136859754518
3.075   0.100058656506
3.1   0.0627346279601
3.125   0.0250786780945
