0.0   0.0
0.025   0.0300241136245
0.05   0.059807326742
0.075   0.0891135280838
0.1   0.117715995262
0.125   0.145401626833
0.15   0.171974651139
0.175   0.197259687703
0.2   0.22110407506
0.225   0.243379420954
0.25   0.263982373755
0.275   0.282834654745
0.3   0.299882426897
0.325   0.315095104615
0.35   0.328463729126
0.375   0.339999045034
0.4   0.349729414868
0.425   0.357698701225
0.45   0.363964231611
0.475   0.368594941183
0.5   0.371669765371
0.525   0.373276329798
0.55   0.373509960723
0.575   0.372473016723
0.6   0.370274522179
0.625   0.367030065277
0.65   0.362861907198
0.675   0.357899233576
0.7   0.352278462784
0.725   0.346143506375
0.75   0.3396458541
0.775   0.332944329451
0.8   0.326204334247
0.825   0.319596379152
0.85   0.313293692782
0.875   0.307468732665
0.9   0.302288506675
0.925   0.297908769377
0.95   0.294467382852
0.975   0.292077394695
1.0   0.290820618765
1.025   0.290742615653
1.05   0.291849881137
1.075   0.294109744243
1.1   0.29745302021
1.125   0.30177899386
1.15   0.306961967788
1.175   0.3128584811
1.2   0.319314384438
1.225   0.326171174904
1.25   0.333271257295
1.275   0.3404620319
1.3   0.347598875669
1.325   0.354547177368
1.35   0.361183622072
1.375   0.367396916084
1.4   0.373088118475
1.425   0.378170713003
1.45   0.382570522277
1.475   0.386225538374
1.5   0.389085722112
1.525   0.39111280651
1.55   0.392280127898
1.575   0.392572499574
1.6   0.391986136864
1.625   0.390528638124
1.65   0.388219022733
1.675   0.385087823928
1.7   0.381177230617
1.725   0.376541267536
1.75   0.371245996282
1.775   0.3653697102
1.8   0.359003082534
1.825   0.35224920891
1.85   0.345223461286
1.875   0.338053041164
1.9   0.330876087226
1.925   0.323840161475
1.95   0.317099918271
1.975   0.310813767192
2.0   0.30513939304
2.025   0.300228113597
2.05   0.296218246828
2.075   0.293227908882
2.1   0.291347921742
2.125   0.290635691345
2.15   0.29111093248
2.175   0.292753913067
2.2   0.295506492909
2.225   0.299275749741
2.25   0.303939566435
2.275   0.309353316337
2.3   0.315356767914
2.325   0.321780492303
2.35   0.328451309945
2.375   0.335196568637
2.4   0.341847249049
2.425   0.348240024931
2.45   0.354218470099
2.475   0.359633621042
2.5   0.364344092279
2.525   0.368215916958
2.55   0.371122257596
2.575   0.372943106442
2.6   0.3735650733
2.625   0.372881340511
2.65   0.370791848757
2.675   0.367203761761
2.7   0.362032241405
2.725   0.355201546213
2.75   0.346646445152
2.775   0.336313915527
2.8   0.324165069263
2.825   0.310177227532
2.85   0.294346041358
2.875   0.276687537525
2.9   0.257239956865
2.925   0.236065247515
2.95   0.213250080225
2.975   0.188906266769
3.0   0.163170485815
3.025   0.13620325202
3.05   0.108187102011
3.075   0.0793240127503
3.1   0.0498321107358
3.125   0.0199417715583
