0.0   0.0
0.025   0.0401019588074
0.05   0.0800144307412
0.075   0.119552310792
0.1   0.158539061843
0.125   0.196810521412
0.15   0.234218169461
0.175   0.270631731088
0.2   0.305941028438
0.225   0.340057040751
0.25   0.372912176751
0.275   0.40445980631
0.3   0.434673135386
0.325   0.463543537343
0.35   0.491078473022
0.375   0.517299140826
0.4   0.542237996528
0.425   0.565936271886
0.45   0.588441603044
0.475   0.609805856575
0.5   0.630083215423
0.525   0.649328561301
0.55   0.667596166462
0.575   0.684938687796
0.6   0.701406440749
0.625   0.717046920061
0.65   0.731904528498
0.675   0.746020472973
0.7   0.759432788916
0.725   0.772176457409
0.75   0.784283584641
0.775   0.795783618776
0.8   0.806703584822
0.825   0.817068323111
0.85   0.826900721286
0.875   0.836221933176
0.9   0.845051580619
0.925   0.853407936257
0.95   0.861308086663
0.975   0.868768076052
1.0   0.875803031334
1.025   0.882427269521
1.05   0.888654388616
1.075   0.894497343103
1.1   0.899968505103
1.125   0.905079712223
1.15   0.909842303026
1.175   0.91426714106
1.2   0.918364628325
1.225   0.922144709104
1.25   0.925616865081
1.275   0.928790102749
1.3   0.931672934153
1.325   0.934273352082
1.35   0.936598800883
1.375   0.93865614414
1.4   0.940451630463
1.425   0.941990858675
1.45   0.943278743655
1.475   0.944319484054
1.5   0.945116533014
1.525   0.945672572922
1.55   0.945989495068
1.575   0.946068384931
1.6   0.945909513587
1.625   0.945512335544
1.65   0.94487549309
1.675   0.943996826985
1.7   0.942873393138
1.725   0.941501484681
1.75   0.939876658682
1.775   0.937993766556
1.8   0.935846987104
1.825   0.93342986104
1.85   0.930735325731
1.875   0.927755748923
1.9   0.924482960147
1.925   0.920908278564
1.95   0.917022536036
1.975   0.912816094265
2.0   0.908278854905
2.025   0.903400261619
2.05   0.898169293117
2.075   0.892574446231
2.1   0.886603708146
2.125   0.880244516862
2.15   0.87348370899
2.175   0.86630745388
2.2   0.858701173085
2.225   0.850649444038
2.25   0.842135886835
2.275   0.833143033015
2.3   0.82365217538
2.325   0.813643198251
2.35   0.803094388144
2.375   0.79198222591
2.4   0.780281162892
2.425   0.767963385863
2.45   0.754998578433
2.475   0.741353690392
2.5   0.726992730989
2.525   0.711876607381
2.55   0.695963035025
2.575   0.679206552259
2.6   0.661558675976
2.625   0.642968238324
2.65   0.623381944834
2.675   0.602745191341
2.7   0.581003169718
2.725   0.558102280253
2.75   0.533991851513
2.775   0.508626147131
2.8   0.481966614472
2.825   0.45398430419
2.85   0.424662364618
2.875   0.39399849326
2.9   0.362007211783
2.925   0.328721823187
2.95   0.294195911701
2.975   0.258504258353
3.0   0.221743067885
3.025   0.184029434679
3.05   0.145500014651
3.075   0.106308914013
3.1   0.0666248512095
3.125   0.0266276919552
