0.0   0.0
0.025   0.0104705296081
0.05   0.0207714147267
0.075   0.0307388392153
0.1   0.0402204126723
0.125   0.0490803160142
0.15   0.0572037937096
0.175   0.0645008179454
0.2   0.0709087819657
0.225   0.0763941142526
0.25   0.0809527395141
0.275   0.0846093447242
0.3   0.0874154383629
0.325   0.0894462206922
0.35   0.090796317966
0.375   0.0915744831
0.4   0.0918974406663
0.425   0.0918831633345
0.45   0.0916440067015
0.475   0.0912802749378
0.5   0.0908748900613
0.525   0.0904898272438
0.55   0.0901648070861
0.575   0.0899184063883
0.6   0.0897513364359
0.625   0.0896512651569
0.65   0.0895983397554
0.675   0.0895705486723
0.7   0.0895482170807
0.725   0.0895171811772
0.75   0.0894704525113
0.775   0.0894084114005
0.8   0.0893377386378
0.825   0.0892694099457
0.85   0.089216147168
0.875   0.089189748884
0.9   0.0891987089553
0.925   0.089246470067
0.95   0.0893305514785
0.975   0.0894426481652
1.0   0.0895696459757
1.025   0.0896953629784
1.05   0.0898027346609
1.075   0.0898761213785
1.1   0.0899034275266
1.125   0.0898777704449
1.15   0.0897985072171
1.175   0.0896715064381
1.2   0.089508632534
1.225   0.0893264900497
1.25   0.0891445539744
1.275   0.0889828870869
1.3   0.0888597089655
1.325   0.0887891210139
1.35   0.0887792929416
1.375   0.0888313683559
1.4   0.0889392513659
1.425   0.0890903076104
1.45   0.0892668782556
1.475   0.0894483928667
1.5   0.089613797348
1.525   0.0897439931607
1.55   0.0898240071947
1.575   0.0898446637739
1.6   0.0898035965148
1.625   0.089705507748
1.65   0.0895616525669
1.675   0.0893885934133
1.7   0.0892063408275
1.725   0.0890360655069
1.75   0.0888976297812
1.775   0.0888072308286
1.8   0.0887754580982
1.825   0.0888060310149
1.85   0.088895397542
1.875   0.089033251265
1.9   0.0892038886414
1.925   0.0893882079545
1.95   0.0895660707623
1.975   0.0897187156979
2.0   0.0898309299477
2.025   0.089892733069
2.05   0.0899003964147
2.075   0.0898566981493
2.1   0.0897703929902
2.125   0.0896549559096
2.15   0.0895267394161
2.175   0.0894027610623
2.2   0.0892984023735
2.225   0.089225338149
2.25   0.0891900104354
2.275   0.0891929041353
2.3   0.089228772816
2.325   0.0892878197953
2.35   0.0893576874864
2.375   0.0894259752558
2.4   0.0894829129539
2.425   0.0895237718947
2.45   0.0895505956985
2.475   0.0895728756765
2.5   0.0896068794399
2.525   0.0896734741455
2.55   0.0897944758289
2.575   0.0899878006225
2.6   0.0902619622114
2.625   0.090610688345
2.65   0.0910085333978
2.675   0.0914082778524
2.7   0.0917406250425
2.725   0.0919163051701
2.75   0.0918302999747
2.775   0.091367620509
2.8   0.0904099562583
2.825   0.0888425478407
2.85   0.0865607580087
2.875   0.0834759635567
2.9   0.0795205217033
2.925   0.0746516618961
2.95   0.0688542194481
2.975   0.0621421709272
3.0   0.0545589636282
3.025   0.0461766607913
3.05   0.0370939548517
3.075   0.0274331341105
3.1   0.0173361228255
3.125   0.00695974863432
