0.0   0.0
0.025   0.0308584598403
0.05   0.0614922556969
0.075   0.0916816679417
0.1   0.12121666997
0.125   0.149901296992
0.15   0.177557472899
0.175   0.204028164281
0.2   0.229179768524
0.225   0.252903684679
0.25   0.275117058579
0.275   0.295762734456
0.3   0.31480848142
0.325   0.332245592417
0.35   0.34808697405
0.375   0.362364857228
0.4   0.375128260888
0.425   0.38644033488
0.45   0.396375694816
0.475   0.40501784319
0.5   0.412456749466
0.525   0.418786639315
0.55   0.424104021618
0.575   0.428505963017
0.6   0.432088604641
0.625   0.434945904905
0.65   0.43716858594
0.675   0.438843258987
0.7   0.440051705166
0.725   0.440870291529
0.75   0.441369507238
0.775   0.441613609971
0.8   0.441660377551
0.825   0.44156096352
0.85   0.441359857572
0.875   0.441094952315
0.9   0.440797716621
0.925   0.440493473394
0.95   0.440201776026
0.975   0.439936873922
1.0   0.439708253527
1.025   0.439521237875
1.05   0.439377625121
1.075   0.439276345042
1.1   0.439214112199
1.125   0.439186055337
1.15   0.439186304478
1.175   0.439208519876
1.2   0.439246350297
1.225   0.439293811692
1.25   0.439345581121
1.275   0.43939720442
1.3   0.439445219598
1.325   0.439487201098
1.35   0.43952173279
1.375   0.43954831986
1.4   0.439567251553
1.425   0.439579428007
1.45   0.439586165102
1.475   0.439588991424
1.5   0.439589450994
1.525   0.439588924408
1.55   0.439588479514
1.575   0.439588760682
1.6   0.439589923338
1.625   0.439591617644
1.65   0.439593022299
1.675   0.439592926483
1.7   0.439589855048
1.725   0.439582229455
1.75   0.439568554612
1.775   0.43954761992
1.8   0.439518701466
1.825   0.439481751491
1.85   0.439437561041
1.875   0.439387882026
1.9   0.439335495844
1.925   0.439284217159
1.95   0.439238823405
1.975   0.439204903015
2.0   0.439188618303
2.025   0.439196382145
2.05   0.439234451193
2.075   0.439308442077
2.1   0.439422780752
2.125   0.439580098724
2.15   0.439780592983
2.175   0.44002136894
2.2   0.440295787225
2.225   0.440592835703
2.25   0.440896547354
2.275   0.441185482824
2.3   0.441432293549
2.325   0.441603377721
2.35   0.44165863738
2.375   0.441551341063
2.4   0.441228093232
2.425   0.4406289096
2.45   0.439687396899
2.475   0.438331036672
2.5   0.436481575483
2.525   0.434055528061
2.55   0.430964805046
2.575   0.427117482229
2.6   0.422418732764
2.625   0.41677194662
2.65   0.410080061609
2.675   0.402247126787
2.7   0.393180111231
2.725   0.38279095893
2.75   0.370998874078
2.775   0.357732801096
2.8   0.342934041698
2.825   0.326558928789
2.85   0.308581456254
2.875   0.28899574666
2.9   0.267818227858
2.925   0.245089386007
2.95   0.220874967889
2.975   0.19526652013
3.0   0.168381176646
3.025   0.140360637444
3.05   0.111369319834
3.075   0.0815917048822
3.1   0.0512289447249
3.125   0.0204948371245
