0.0   0.0
0.025   0.00348703526516
0.05   0.00696012075785
0.075   0.0104053901245
0.1   0.0138091434612
0.125   0.0171579295705
0.15   0.0204386270658
0.175   0.0236385239515
0.2   0.0267453953214
0.225   0.0297475788293
0.25   0.0326340476048
0.275   0.0353944803063
0.3   0.0380193280221
0.325   0.0404998777575
0.35   0.0428283122662
0.375   0.0449977660111
0.4   0.0470023770626
0.425   0.0488373347665
0.45   0.0504989230314
0.475   0.0519845591013
0.5   0.0532928276848
0.525   0.0544235103073
0.55   0.0553776097313
0.575   0.0561573692469
0.6   0.0567662865642
0.625   0.0572091219255
0.65   0.0574918998999
0.675   0.0576219041
0.7   0.057607663767
0.725   0.0574589307883
0.75   0.0571866452316
0.775   0.0568028869028
0.8   0.0563208097672
0.825   0.0557545553513
0.85   0.0551191405435
0.875   0.0544303146372
0.9   0.0537043802138
0.925   0.0529579727744
0.95   0.0522077952118
0.975   0.0514703055874
1.0   0.0507613604895
1.025   0.0500958215648
1.05   0.0494871393648
1.075   0.0489469356757
1.1   0.0484846117915
1.125   0.0481070141496
1.15   0.0478181888497
1.175   0.0476192518238
1.2   0.0475083918827
1.225   0.0474810108492
1.25   0.0475299908648
1.275   0.0476460664519
1.3   0.047818270328
1.325   0.0480344184867
1.35   0.0482816015886
1.375   0.0485466550551
1.4   0.0488165877355
1.425   0.0490789569262
1.45   0.0493221845814
1.475   0.0495358150434
1.5   0.0497107183045
1.525   0.0498392448425
1.55   0.0499153387522
1.575   0.0499346156154
1.6   0.0498944106351
1.625   0.0497938012752
1.65   0.0496336071694
1.675   0.0494163685166
1.7   0.0491463026152
1.725   0.048829236681
1.75   0.0484725136752
1.775   0.0480848666589
1.8   0.0476762563144
1.825   0.047257665965
1.85   0.046840848961
1.875   0.0464380250082
1.9   0.0460615251811
1.925   0.0457233901443
1.95   0.0454349323353
1.975   0.045206279971
2.0   0.0450459276272
2.025   0.0449603233228
2.05   0.0449535239237
2.075   0.0450269480802
2.1   0.0451792485144
2.125   0.0454063141879
2.15   0.045701399669
2.175   0.0460553664375
2.2   0.0464570112228
2.225   0.0468934512589
2.25   0.0473505358066
2.275   0.0478132566822
2.3   0.0482661364098
2.325   0.0486935794494
2.35   0.0490801784818
2.375   0.0494109731352
2.4   0.0496716624902
2.425   0.0498487752041
2.45   0.049929802387
2.475   0.0499032987465
2.5   0.0497589573052
2.525   0.0494876624391
2.55   0.049081525279
2.575   0.0485339047814
2.6   0.047839417095
2.625   0.046993935253
2.65   0.0459945807265
2.675   0.0448397079826
2.7   0.0435288828855
2.725   0.0420628555504
2.75   0.0404435280972
2.775   0.0386739176369
2.8   0.0367581147452
2.825   0.0347012376381
2.85   0.0325093822349
2.875   0.0301895682896
2.9   0.0277496817776
2.925   0.0251984137304
2.95   0.0225451957337
2.975   0.0198001323198
3.0   0.0169739305059
3.025   0.0140778267523
3.05   0.0111235116313
3.075   0.00812305251733
3.1   0.00508881462434
3.125   0.00203338072941
