0.0   0.0
0.025   0.027885800338
0.05   0.0555171690109
0.075   0.082644468367
0.1   0.109027459815
0.125   0.13443954241
0.15   0.158671469551
0.175   0.18153441939
0.2   0.202862332174
0.225   0.222513469266
0.25   0.240371190941
0.275   0.25634399038
0.3   0.270364856809
0.325   0.282390069398
0.35   0.292397543745
0.375   0.300384863902
0.4   0.306367134955
0.425   0.310374785135
0.45   0.312451433671
0.475   0.312651923317
0.5   0.311040596828
0.525   0.307689877268
0.55   0.302679195235
0.575   0.296094294438
0.6   0.288026942956
0.625   0.278575083894
0.65   0.267843479581
0.675   0.255944943601
0.7   0.243002323536
0.725   0.229151508617
0.75   0.214545913382
0.775   0.199363164612
0.8   0.183815135114
0.825   0.168163040989
0.85   0.152739911634
0.875   0.137982638242
0.9   0.124472566131
0.925   0.112971007212
0.95   0.104405207756
0.975   0.099722473855
1.0   0.0995713628871
1.025   0.103980769982
1.05   0.112345325101
1.075   0.123733298593
1.1   0.137215001896
1.125   0.152022045646
1.15   0.167568468749
1.175   0.183417273392
1.2   0.199239855111
1.225   0.214783539961
1.25   0.229848783555
1.275   0.244273916121
1.3   0.257925088215
1.325   0.27068964086
1.35   0.282471699418
1.375   0.293189212522
1.4   0.302771937442
1.425   0.311160052601
1.45   0.318303191534
1.475   0.324159764765
1.5   0.328696482342
1.525   0.331888019767
1.55   0.333716789912
1.575   0.334172796875
1.6   0.33325355715
1.625   0.330964080502
1.65   0.327316908734
1.675   0.322332216025
1.7   0.316037980648
1.725   0.308470245514
1.75   0.299673495558
1.775   0.289701195184
1.8   0.278616551772
1.825   0.266493605886
1.85   0.253418802517
1.875   0.239493281707
1.9   0.224836259448
1.925   0.209590078519
1.95   0.19392783247
1.975   0.178064942255
2.0   0.162276673273
2.025   0.146924025669
2.05   0.132489486255
2.075   0.119618068771
2.1   0.109139862607
2.125   0.102012313373
2.15   0.0990994481757
2.175   0.100816164284
2.2   0.106902892979
2.225   0.1165680607
2.25   0.128843304917
2.275   0.142849477589
2.3   0.157888214531
2.325   0.173431598575
2.35   0.18908194945
2.375   0.204533510972
2.4   0.219543788088
2.425   0.233913842808
2.45   0.247475135074
2.475   0.260080777119
2.5   0.271599692662
2.525   0.281912695575
2.55   0.29090986744
2.575   0.298488851673
2.6   0.304553833506
2.625   0.309015069996
2.65   0.311788891939
2.675   0.312798132314
2.7   0.311972951065
2.725   0.309252028539
2.75   0.304584092936
2.775   0.297929733516
2.8   0.28926343331
2.825   0.278575735368
2.85   0.265875437415
2.875   0.251191693795
2.9   0.234575892864
2.925   0.216103174541
2.95   0.195873457786
2.975   0.174011861954
3.0   0.150668429202
3.025   0.126017086237
3.05   0.100253821172
3.075   0.0735940925179
3.1   0.0462695298018
3.125   0.0185240257959
