0.0   0.0
0.025   0.0402243261846
0.05   0.0802597406142
0.075   0.119921708843
0.1   0.159034255222
0.125   0.197433765137
0.15   0.234972248385
0.175   0.27151993757
0.2   0.30696713592
0.225   0.341225273547
0.25   0.374227176481
0.275   0.405926595492
0.3   0.436297078842
0.325   0.465330302125
0.35   0.493033987645
0.375   0.519429554559
0.4   0.54454963948
0.425   0.568435616491
0.45   0.591135227416
0.475   0.612700410027
0.5   0.633185386219
0.525   0.652645046529
0.55   0.671133643719
0.575   0.688703788208
0.6   0.705405722743
0.625   0.721286843216
0.65   0.736391426771
0.675   0.750760526613
0.7   0.764431994399
0.725   0.777440594828
0.75   0.789818182052
0.775   0.801593913114
0.8   0.812794479125
0.825   0.823444339903
0.85   0.833565952098
0.875   0.843179984319
0.9   0.852305515455
0.925   0.860960214334
0.95   0.869160500243
0.975   0.876921684676
1.0   0.884258095208
1.025   0.891183182647
1.05   0.89770961271
1.075   0.903849343461
1.1   0.90961368968
1.125   0.91501337525
1.15   0.920058574585
1.175   0.924758944014
1.2   0.929123644041
1.225   0.933161353316
1.25   0.936880275192
1.275   0.94028813771
1.3   0.943392187905
1.325   0.946199181326
1.35   0.94871536769
1.375   0.950946473627
1.4   0.952897683463
1.425   0.954573618985
1.45   0.95597831912
1.475   0.957115220411
1.5   0.957987139108
1.525   0.958596255612
1.55   0.958944101884
1.575   0.959031552344
1.6   0.958858818599
1.625   0.958425448225
1.65   0.957730327637
1.675   0.956771688951
1.7   0.955547120561
1.725   0.954053581018
1.75   0.952287415662
1.775   0.95024437533
1.8   0.947919636383
1.825   0.9453078212
1.85   0.942403018232
1.875   0.939198800695
1.9   0.935688242939
1.925   0.931863933548
1.95   0.927717984237
1.975   0.923242033635
2.0   0.918427245054
2.025   0.913264297394
2.05   0.907743368324
2.075   0.901854108886
2.1   0.895585608669
2.125   0.888926350641
2.15   0.881864154682
2.175   0.8743861088
2.2   0.866478486895
2.225   0.858126651892
2.25   0.849314942987
2.275   0.84002654578
2.3   0.830243344216
2.325   0.819945753562
2.35   0.80911253431
2.375   0.79772058787
2.4   0.785744736506
2.425   0.773157492121
2.45   0.759928821464
2.475   0.746025919093
2.5   0.731413003974
2.525   0.716051160828
2.55   0.699898252904
2.575   0.682908938341
2.6   0.665034826944
2.625   0.646224817289
2.65   0.626425654557
2.675   0.605582746514
2.7   0.583641267747
2.725   0.560547570117
2.75   0.536250900456
2.775   0.510705405126
2.8   0.483872376615
2.825   0.455722671366
2.85   0.426239202972
2.875   0.395419393122
2.9   0.3632774468
2.925   0.32984631043
2.95   0.295179173516
2.975   0.259350386645
3.0   0.222455691454
3.025   0.184611690088
3.05   0.145954521024
3.075   0.106637752021
3.1   0.0668295464362
3.125   0.0267092027426
