0.771189959563   0.220929886681
0.771311973035   0.22091892198
0.771564729283   0.220896185745
0.771590304785   0.220893883467
0.771638442835   0.220889549299
0.77172969585   0.220881330226
0.772015224271   0.22085558766
0.772889182672   0.22077655647
1.57687591486   0.235933002573
1.57771160797   0.235925638457
1.58007035752   0.235902203874
1.58407014146   0.235853537286
1.5856433713   0.235831323495
1.60014633945   0.235545361267
1.61472262496   0.23511219778
2.38035859211   0.235700081266
2.38035961305   0.235700178946
2.38082516102   0.235744651392
2.38088203309   0.235750074686
2.38105895102   0.235766932205
2.38134909392   0.235794534699
2.38159258981   0.235817657588
