0.626119976921   0.114204030618
0.62636140053   0.114208332561
0.626494831606   0.11421069726
0.626558613929   0.11421182438
0.626663032179   0.114213665057
0.626760138823   0.114215371796
0.626796604913   0.114216011464
0.626819516579   0.114216413017
0.626864214274   0.114217195616
0.626895176353   0.114217737117
0.626947212489   0.114218646073
0.626977032228   0.114219166328
0.626983180917   0.114219273545
0.627001410009   0.114219591298
0.627049475645   0.114220428314
0.627062919333   0.114220662209
0.627187765007   0.114222829843
0.627270805107   0.114224267178
0.627274759939   0.114224335543
0.627360770053   0.114225820363
0.627420772701   0.114226853951
0.627447031819   0.114227305699
0.627561504224   0.114229270874
0.62761006284   0.114230102452
0.627636640222   0.114230557082
0.627686985511   0.114231417287
0.627791644322   0.114233201321
1.26108920929   0.103924196658
1.26124583721   0.103931686201
1.2625124752   0.103992374522
1.26302444979   0.104016965141
1.26309813719   0.104020507248
1.26327468617   0.104028996736
1.26334917076   0.104032579601
1.26336440594   0.104033312535
1.26338972303   0.104034530555
1.26342306592   0.104036134828
1.26351774958   0.104040691263
1.26366600832   0.104047828215
1.26378820182   0.104053712565
1.26386480345   0.104057402377
1.26388099571   0.104058182436
1.26408852097   0.104068182921
1.26412754936   0.104070064289
1.26413235935   0.104070296168
1.26414714205   0.10407100883
1.26517806673   0.104120777619
1.67003294577   0.113402868567
1.82843381235   0.105887158735
1.83141152509   0.105718682434
1.83222627215   0.10567257804
1.83261785678   0.105650419008
1.83321847914   0.10561643097
1.83347684657   0.105601810587
1.83368304722   0.105590142285
1.833774872   0.105584946216
1.83384971203   0.105580711275
1.83406907374   0.105568298442
1.83412792678   0.105564968202
1.83427217373   0.105556805938
1.83435035317   0.105552382159
1.83446079118   0.105546133072
1.83449033254   0.105544461495
1.83451771668   0.105542911987
1.83492675004   0.105519767585
1.83498276109   0.105516598367
1.83502930651   0.105513964746
1.83565521881   0.105478550779
1.83698318053   0.105403424633
1.83939255504   0.10526716848
2.50764336438   0.110432640037
2.50775033233   0.110431380693
2.50793385131   0.110429207113
2.50796107759   0.110428883249
2.50797280713   0.110428743611
2.50800464318   0.110428364272
2.50805380507   0.110427777517
2.50808096294   0.110427452878
2.50819158902   0.11042612676
2.50834774277   0.110424244718
2.50836589616   0.110424025153
2.50840036283   0.110423607834
2.50840573218   0.110423542771
2.50841903021   0.11042338157
2.50847215278   0.110422736748
2.50853781244   0.110421937841
2.50854934789   0.110421797267
2.5085499273   0.110421790205
2.50857985963   0.11042142513
2.50863529033   0.110420747906
2.50864674404   0.110420607783
2.50873797778   0.110419489355
2.50873969714   0.110419468238
2.50874722527   0.110419375763
2.50875334856   0.110419300525
2.50876226852   0.11041919089
2.50876280965   0.110419184238
2.50881948183   0.110418486761
2.50888995194   0.110417617281
2.50995674786   0.110404157993
