0.0   0.0
0.05   0.201314097984
0.1   0.394701776921
0.15   0.572556128238
0.2   0.7278972378
0.25   0.854656293766
0.3   0.947926389911
0.35   1.0041724615
0.4   1.02139663293
0.45   0.999262009123
0.5   0.939191685781
0.55   0.844493131287
0.6   0.720654979595
0.65   0.576297736997
0.7   0.426602694495
0.75   0.305965139723
0.8   0.286206266609
0.85   0.386906895837
0.9   0.535900805449
0.95   0.688143161617
1.0   0.824662726425
1.05   0.935274329734
1.1   1.01349601868
1.15   1.0551879544
1.2   1.05816505259
1.25   1.02208686431
1.3   0.948438980846
1.35   0.840592026543
1.4   0.704080836325
1.45   0.547694881956
1.5   0.387989335474
1.55   0.268751553058
