0.0   0.0
0.025   0.00927588847418
0.05   0.0185132602239
0.075   0.0276738443723
0.1   0.036719860681
0.125   0.0456142622384
0.15   0.0543209750165
0.175   0.0628051332954
0.2   0.071033309992
0.225   0.0789737409722
0.25   0.0865965424775
0.275   0.0938739208563
0.3   0.10078037385
0.325   0.10729288275
0.35   0.1133910948
0.375   0.119057495295
0.4   0.124277568836
0.425   0.129039949299
0.45   0.133336557994
0.475   0.137162729537
0.5   0.140517324814
0.525   0.143402830261
0.55   0.145825442415
0.575   0.14779513628
0.6   0.14932571545
0.625   0.150434841146
0.65   0.151144036208
0.675   0.151478658734
0.7   0.151467838275
0.725   0.151144365428
0.75   0.150544523302
0.775   0.14970784679
0.8   0.148676793255
0.825   0.147496306484
0.85   0.146213255379
0.875   0.144875730746
0.9   0.143532188737
0.925   0.142230439053
0.95   0.141016490589
0.975   0.139933286395
1.0   0.139019382178
1.025   0.13830764471
1.05   0.13782406376
1.075   0.137586778319
1.1   0.137605410775
1.125   0.137880779826
1.15   0.138405026862
1.175   0.139162147538
1.2   0.140128878669
1.225   0.141275858415
1.25   0.142568960193
1.275   0.143970698991
1.3   0.145441620328
1.325   0.146941602173
1.35   0.148431023422
1.375   0.149871774668
1.4   0.151228105189
1.425   0.15246731313
1.45   0.153560293899
1.475   0.154481965615
1.5   0.15521159109
1.525   0.155733014388
1.55   0.15603482736
1.575   0.156110478184
1.6   0.155958330412
1.625   0.155581677344
1.65   0.154988712946
1.675   0.154192456887
1.7   0.153210627617
1.725   0.152065453807
1.75   0.15078341093
1.775   0.149394866598
1.8   0.147933615974
1.825   0.146436287666
1.85   0.144941602195
1.875   0.14348947016
1.9   0.142119926946
1.925   0.140871915622
1.95   0.139781949392
1.975   0.138882707908
2.0   0.13820164447
2.025   0.137759699007
2.05   0.137570219219
2.075   0.137638185347
2.1   0.137959811247
2.125   0.138522558327
2.15   0.139305555897
2.175   0.140280379914
2.2   0.141412109965
2.225   0.142660566675
2.25   0.143981629751
2.275   0.145328547966
2.3   0.146653171886
2.325   0.147907062807
2.35   0.149042452924
2.375   0.15001304954
2.4   0.150774688934
2.425   0.151285853533
2.45   0.151508069981
2.475   0.151406206699
2.5   0.150948688611
2.525   0.150107644689
2.55   0.148859001517
2.575   0.147182533597
2.6   0.145061878801
2.625   0.14248452544
2.65   0.139441775752
2.675   0.135928689374
2.7   0.131944009335
2.725   0.127490072413
2.75   0.122572705152
2.775   0.117201106479
2.8   0.111387717642
2.825   0.105148080021
2.85   0.0985006813112
2.875   0.0914667905688
2.9   0.0840702825856
2.925   0.0763374521407
2.95   0.0682968187017
2.975   0.0599789222183
3.0   0.0514161107167
3.025   0.0426423204638
3.05   0.0336928495319
3.075   0.0246041256513
3.1   0.0154134692866
3.125   0.00615885291363
