0.0   0.0
0.025   0.0108585971233
0.05   0.0216735785007
0.075   0.0324015933576
0.1   0.0429998196092
0.125   0.0534262250843
0.15   0.0636398250282
0.175   0.0736009346892
0.2   0.0832714158258
0.225   0.0926149160187
0.25   0.101597099723
0.275   0.110185870052
0.3   0.11835158036
0.325   0.126067234736
0.35   0.133308676623
0.375   0.140054764837
0.4   0.146287536301
0.425   0.15199235494
0.45   0.157158046146
0.475   0.161777016329
0.5   0.165845357027
0.525   0.169362933022
0.55   0.172333453818
0.575   0.174764527675
0.6   0.176667697116
0.625   0.178058454453
0.65   0.178956235339
0.675   0.179384387604
0.7   0.179370111714
0.725   0.178944367962
0.75   0.178141744051
0.775   0.177000275015
0.8   0.175561205511
0.825   0.173868682621
0.85   0.171969365568
0.875   0.169911937714
0.9   0.167746506335
0.925   0.165523877812
0.95   0.163294700756
0.975   0.161108478121
1.0   0.159012461884
1.025   0.157050460282
1.05   0.155261606522
1.075   0.153679156845
1.1   0.152329401018
1.125   0.151230775515
1.15   0.15039326503
1.175   0.149818159948
1.2   0.14949820711
1.225   0.14941815344
1.25   0.149555643353
1.275   0.149882398669
1.3   0.150365589415
1.325   0.150969297652
1.35   0.15165598334
1.375   0.152387877604
1.4   0.153128249886
1.425   0.153842517128
1.45   0.154499181905
1.475   0.155070600791
1.5   0.155533593549
1.525   0.155869908565
1.55   0.156066560984
1.575   0.156116058436
1.6   0.15601652576
1.625   0.155771735603
1.65   0.155391046626
1.675   0.154889245836
1.7   0.154286286527
1.725   0.153606909128
1.75   0.152880129275
1.775   0.152138576655
1.8   0.151417670353
1.825   0.150754622726
1.85   0.150187274762
1.875   0.149752781889
1.9   0.149486189208
1.925   0.149418956993
1.95   0.149577517386
1.975   0.149981956867
2.0   0.150644921829
2.025   0.151570833591
2.05   0.152755474389
2.075   0.154185970809
2.1   0.155841161944
2.125   0.157692303596
2.15   0.159704033357
2.175   0.161835507887
2.2   0.16404162339
2.225   0.166274240637
2.25   0.168483352825
2.275   0.170618153874
2.3   0.172627983065
2.325   0.174463137112
2.35   0.176075551925
2.375   0.177419363554
2.4   0.17845136166
2.425   0.179131350256
2.45   0.179422430086
2.475   0.179291215716
2.5   0.178707998564
2.525   0.177646865184
2.55   0.176085778249
2.575   0.174006626072
2.6   0.171395245094
2.625   0.168241418675
2.65   0.164538854654
2.675   0.160285143473
2.7   0.155481698166
2.725   0.150133677204
2.75   0.144249890939
2.775   0.137842692234
2.8   0.130927851848
2.825   0.123524419048
2.85   0.115654568009
2.875   0.107343430532
2.9   0.0986189157178
2.925   0.0895115172645
2.95   0.0800541091537
2.975   0.0702817305359
3.0   0.0602313607212
3.025   0.0499416852338
3.05   0.0394528539586
3.075   0.0288062324622
3.1   0.0180441476217
3.125   0.00720962873481
