0.0   0.0
0.025   0.0225718905738
0.05   0.0449159724547
0.075   0.0668100991791
0.1   0.0880432443957
0.125   0.108420561628
0.15   0.127767872485
0.175   0.145935438437
0.2   0.162800905952
0.225   0.178271352972
0.25   0.192284403809
0.275   0.204808416854
0.3   0.215841782836
0.325   0.225411398937
0.35   0.233570405
0.375   0.240395282216
0.4   0.245982422771
0.425   0.250444282787
0.45   0.253905232452
0.475   0.256497219174
0.5   0.25835536387
0.525   0.25961361834
0.55   0.260400622496
0.575   0.260835911552
0.6   0.261026630449
0.625   0.261064910024
0.65   0.261026041177
0.675   0.260967546268
0.7   0.260929191971
0.725   0.260933920306
0.75   0.260989604056
0.775   0.261091470339
0.8   0.2612249913
0.825   0.261369019547
0.85   0.261498948583
0.875   0.261589701012
0.9   0.261618383123
0.925   0.261566485971
0.95   0.261421554206
0.975   0.261178280649
1.0   0.2608390154
1.025   0.260413703348
1.05   0.259919285158
1.075   0.259378615805
1.1   0.258818973558
1.125   0.25827025149
1.15   0.257762942842
1.175   0.257326048971
1.2   0.256985051093
1.225   0.256760091032
1.25   0.256664498371
1.275   0.256703779934
1.3   0.256875152877
1.325   0.257167658003
1.35   0.257562840707
1.375   0.258035939646
1.4   0.258557484116
1.425   0.25909517444
1.45   0.259615907221
1.475   0.260087808263
1.5   0.260482147533
1.525   0.260775028978
1.55   0.260948769693
1.575   0.260992905111
1.6   0.260904777664
1.625   0.260689685505
1.65   0.260360585521
1.675   0.259937362203
1.7   0.259445692003
1.725   0.258915552455
1.75   0.258379446715
1.775   0.257870436425
1.8   0.257420096754
1.825   0.25705652407
1.85   0.256802535075
1.875   0.256674192971
1.9   0.256679778986
1.925   0.25681929645
1.95   0.257084552125
1.975   0.25745981089
2.0   0.257922971417
2.025   0.258447168689
2.05   0.259002678734
2.075   0.259558984089
2.1   0.260086854979
2.125   0.260560308369
2.15   0.260958321613
2.175   0.261266195704
2.2   0.26147648249
2.225   0.261589409291
2.25   0.261612753075
2.275   0.261561135896
2.3   0.261454735586
2.325   0.261317432543
2.35   0.261174446311
2.375   0.261049554131
2.4   0.260962025471
2.425   0.260923446944
2.45   0.260934644173
2.475   0.260982923754
2.5   0.261039853245
2.525   0.261059767625
2.55   0.260979139085
2.575   0.260716880673
2.6   0.260175583584
2.625   0.259243623734
2.65   0.257798023824
2.675   0.255707926578
2.7   0.252838522221
2.725   0.249055274527
2.75   0.244228298918
2.775   0.238236757658
2.8   0.230973147188
2.825   0.222347359267
2.85   0.212290400868
2.875   0.200757659344
2.9   0.187731601458
2.925   0.173223799917
2.95   0.157276191044
2.975   0.139961483639
3.0   0.121382662247
3.025   0.101671557783
3.05   0.0809864932948
3.075   0.0595090508868
3.1   0.0374400449007
3.125   0.0149948237483
