0.0   0.0
0.025   0.0384111328258
0.05   0.076624587622
0.075   0.114447130547
0.1   0.151694220385
0.125   0.188193877729
0.15   0.223790015032
0.175   0.258345100751
0.2   0.29174207106
0.225   0.323885446833
0.25   0.354701658678
0.275   0.384138625371
0.3   0.412164668202
0.325   0.438766873012
0.35   0.463949031463
0.375   0.487729302418
0.4   0.51013773354
0.425   0.531213773169
0.45   0.551003885073
0.475   0.569559356065
0.5   0.586934361065
0.525   0.60318432459
0.55   0.618364593821
0.575   0.632529418008
0.6   0.645731213034
0.625   0.658020078832
0.65   0.669443530923
0.675   0.680046404988
0.7   0.689870894394
0.725   0.698956683891
0.75   0.707341147485
0.775   0.71505958394
0.8   0.72214546882
0.825   0.728630707095
0.85   0.734545874727
0.875   0.739920441348
0.9   0.744782968988
0.925   0.749161284048
0.95   0.753082621255
0.975   0.75657373949
1.0   0.759661010106
1.025   0.762370478895
1.05   0.764727903143
1.075   0.766758765464
1.1   0.768488266204
1.125   0.769941296343
1.15   0.771142392834
1.175   0.772115678402
1.2   0.772884787804
1.225   0.773472782582
1.25   0.773902056285
1.275   0.774194232115
1.3   0.77437005487
1.325   0.774449279004
1.35   0.774450554516
1.375   0.774391312323
1.4   0.774287650683
1.425   0.774154224182
1.45   0.774004136758
1.475   0.773848840214
1.5   0.773698039674
1.525   0.773559607444
1.55   0.77343950675
1.575   0.773341726856
1.6   0.773268231005
1.625   0.773218918616
1.65   0.77319160303
1.675   0.773182005945
1.7   0.773183769427
1.725   0.773188486083
1.75   0.773185747595
1.775   0.77316321137
1.8   0.773106684582
1.825   0.773000224392
1.85   0.772826252594
1.875   0.772565682493
1.9   0.772198055356
1.925   0.771701683421
1.95   0.771053796158
1.975   0.770230686289
2.0   0.769207851963
2.025   0.767960131488
2.05   0.766461827101
2.075   0.764686814419
2.1   0.762608634435
2.125   0.760200565179
2.15   0.757435670464
2.175   0.754286823418
2.2   0.750726702842
2.225   0.746727760713
2.25   0.742262159508
2.275   0.737301678383
2.3   0.73181758773
2.325   0.725780492271
2.35   0.719160143729
2.375   0.711925225394
2.4   0.704043112659
2.425   0.695479615935
2.45   0.6861987155
2.475   0.676162301637
2.5   0.665329938053
2.525   0.653658671753
2.55   0.641102917974
2.575   0.627614454054
2.6   0.613142560425
2.625   0.5976343495
2.65   0.581035323177
2.675   0.563290195995
2.7   0.544344012989
2.725   0.524143578538
2.75   0.502639194965
2.775   0.479786687932
2.8   0.455549671095
2.825   0.429901976605
2.85   0.402830153401
2.875   0.374335914001
2.9   0.344438395376
2.925   0.313176092373
2.95   0.280608324719
2.975   0.246816111533
3.0   0.21190235038
3.025   0.175991230031
3.05   0.139226845421
3.075   0.101771027046
3.1   0.0638004422101
3.125   0.0255030688026
