0.0   0.0
0.025   0.0102933859309
0.05   0.0204193899837
0.075   0.0302162208775
0.1   0.0395330444329
0.125   0.0482349127352
0.15   0.0562070635269
0.175   0.0633584264895
0.2   0.0696242080869
0.225   0.0749674647613
0.25   0.0793796125332
0.275   0.0828798567438
0.3   0.0855135568467
0.325   0.0873495673692
0.35   0.0884766192428
0.375   0.0889988305249
0.4   0.0890304701093
0.425   0.0886901520931
0.45   0.0880947193889
0.475   0.0873531806633
0.5   0.0865611744507
0.525   0.0857965064092
0.55   0.0851162858468
0.575   0.084556034955
0.6   0.0841308632705
0.625   0.0838384562921
0.65   0.0836633264312
0.675   0.0835816116429
0.7   0.0835657198796
0.725   0.0835882748554
0.75   0.0836250473666
0.775   0.0836567818934
0.8   0.083670001967
0.825   0.0836569835026
0.85   0.083615129555
0.875   0.083545979361
0.9   0.0834540563013
0.925   0.0833457171126
0.95   0.0832281176445
0.975   0.0831083648011
1.0   0.0829928841314
1.025   0.082887000586
1.05   0.0827947078472
1.075   0.0827185897293
1.1   0.0826598544277
1.125   0.0826184467143
1.15   0.0825932115548
1.175   0.0825820919574
1.2   0.0825823514763
1.225   0.0825908160073
1.25   0.0826041297797
1.275   0.082619017405
1.3   0.0826325389241
1.325   0.0826423198714
1.35   0.0826467352628
1.375   0.0826450264996
1.4   0.0826373341462
1.425   0.082624637288
1.45   0.0826086008132
1.475   0.0825913439887
1.5   0.0825751551907
1.525   0.0825621866057
1.55   0.0825541673695
1.575   0.0825521728111
1.6   0.0825564809533
1.625   0.0825665359686
1.65   0.0825810236235
1.675   0.0825980482479
1.7   0.0826153869882
1.725   0.0826307872371
1.75   0.0826422686085
1.775   0.0826483920384
1.8   0.0826484649596
1.825   0.0826426615966
1.85   0.08263204938
1.875   0.0826185242537
1.9   0.082604667445
1.925   0.0825935427524
1.95   0.0825884559633
1.975   0.0825926968026
2.0   0.0826092797973
2.025   0.0826406951924
2.05   0.0826886764731
2.075   0.0827539889211
2.1   0.0828362451866
2.125   0.0829337593471
2.15   0.0830434594248
2.175   0.0831608877695
2.2   0.0832803262044
2.225   0.083395085208
2.25   0.0834979909068
2.275   0.0835820884397
2.3   0.0836415547832
2.325   0.0836727791748
2.35   0.0836755268518
2.375   0.0836540550964
2.4   0.0836180042365
2.425   0.0835828473689
2.45   0.0835696618375
2.475   0.0836039979258
2.5   0.0837136835329
2.525   0.0839255323151
2.55   0.0842611172434
2.575   0.0847320051166
2.6   0.0853350613138
2.625   0.0860485496859
2.65   0.0868297065192
2.675   0.0876142506242
2.7   0.088317964228
2.725   0.0888401462879
2.75   0.0890684977943
2.775   0.0888848929854
2.8   0.0881715073754
2.825   0.0868168640586
2.85   0.0847214716681
2.875   0.081802825774
2.9   0.077999616967
2.925   0.073275035318
2.95   0.0676190911407
2.975   0.0610498954792
3.0   0.053613867498
3.025   0.0453848637646
3.05   0.0364622572481
3.075   0.0269680306795
3.1   0.0170429874631
3.125   0.00684222073284
