0.0   0.0
0.025   0.0404437762282
0.05   0.0806996632271
0.075   0.120584140767
0.1   0.159922230827
0.125   0.19855129162
0.15   0.236324272914
0.175   0.273112306607
0.2   0.308806547129
0.225   0.343319220853
0.25   0.376583889054
0.275   0.408554971628
0.3   0.439206615923
0.325   0.468531023954
0.35   0.496536370561
0.375   0.523244453719
0.4   0.548688216607
0.425   0.5729092702
0.45   0.595955526952
0.475   0.617879032923
0.5   0.638734060029
0.525   0.658575494402
0.55   0.677457533276
0.575   0.695432682884
0.6   0.712551034534
0.625   0.728859785667
0.65   0.744402966965
0.675   0.759221334942
0.7   0.773352391004
0.725   0.786830491691
0.75   0.79968701992
0.775   0.811950592618
0.8   0.823647285666
0.825   0.834800862094
0.85   0.845432993793
0.875   0.855563470465
0.9   0.865210392246
0.925   0.874390344391
0.95   0.88311855375
0.975   0.891409027653
1.0   0.899274676326
1.025   0.906727420201
1.05   0.913778283568
1.075   0.920437475996
1.1   0.926714462839
1.125   0.932618026039
1.15   0.938156316301
1.175   0.943336897616
1.2   0.948166784969
1.225   0.952652476003
1.25   0.956799977334
1.275   0.960614826115
1.3   0.964102107452
1.325   0.96726646818
1.35   0.970112127512
1.375   0.972642885018
1.4   0.974862126379
1.425   0.976772827326
1.45   0.978377556142
1.475   0.979678475087
1.5   0.980677341041
1.525   0.98137550566
1.55   0.981773915256
1.575   0.981873110592
1.6   0.981673226712
1.625   0.981173992898
1.65   0.980374732742
1.675   0.979274364335
1.7   0.977871400443
1.725   0.976163948548
1.75   0.97414971055
1.775   0.971825981884
1.8   0.969189649761
1.825   0.966237190225
1.85   0.962964663639
1.875   0.959367708232
1.9   0.955441531272
1.925   0.951180897421
1.95   0.946580113795
1.975   0.94163301122
2.0   0.93633292114
2.025   0.930672647582
2.05   0.924644433548
2.075   0.918239921111
2.1   0.911450104424
2.125   0.904265274766
2.15   0.89667495661
2.175   0.888667833593
2.2   0.880231663141
2.225   0.871353178395
2.25   0.862017975979
2.275   0.852210388203
2.3   0.841913338366
2.325   0.831108178196
2.35   0.819774507049
2.375   0.807889973535
2.4   0.795430061757
2.425   0.782367866568
2.45   0.768673865186
2.475   0.75431569626
2.5   0.739257962084
2.525   0.723462074838
2.55   0.706886173368
2.575   0.689485142502
2.6   0.671210771617
2.625   0.652012092305
2.65   0.631835935552
2.675   0.610627745913
2.7   0.588332682964
2.725   0.564897028227
2.75   0.540269898888
2.775   0.514405248287
2.8   0.487264108716
2.825   0.458817006066
2.85   0.429046450788
2.875   0.397949387774
2.9   0.365539471841
2.925   0.33184902755
2.95   0.296930553903
2.975   0.260857646668
3.0   0.22372523377
3.025   0.18564905109
3.05   0.146764325322
3.075   0.10722367447
3.1   0.0671942820559
3.125   0.0268544447312
