0.0   0.0
0.025   0.0380645606656
0.05   0.0759295127929
0.075   0.11339969607
0.1   0.150288650802
0.125   0.186422490858
0.15   0.221643237151
0.175   0.255811484693
0.2   0.288808316454
0.225   0.320536421445
0.25   0.350920419487
0.275   0.379906437708
0.3   0.407461020998
0.325   0.433569488012
0.35   0.458233864156
0.375   0.481470532544
0.4   0.503307743274
0.425   0.523783111522
0.45   0.542941217757
0.475   0.560831400815
0.5   0.577505809453
0.525   0.593017752382
0.55   0.607420363073
0.575   0.620765575232
0.6   0.633103388862
0.625   0.644481395661
0.65   0.654944525975
0.675   0.664534977117
0.7   0.673292283678
0.725   0.681253493684
0.75   0.688453419067
0.775   0.694924934154
0.8   0.700699301179
0.825   0.705806506587
0.85   0.710275596079
0.875   0.714134999595
0.9   0.71741283991
0.925   0.720137220267
0.95   0.722336487517
0.975   0.724039467837
1.0   0.725275672313
1.025   0.726075469632
1.05   0.726470222976
1.075   0.726492388009
1.1   0.726175568693
1.125   0.725554527607
1.15   0.724665147578
1.175   0.723544341748
1.2   0.722229909808
1.225   0.720760338967
1.25   0.71917454941
1.275   0.717511585465
1.3   0.715810255412
1.325   0.714108724874
1.35   0.71244407082
1.375   0.710851805437
1.4   0.709365381183
1.425   0.708015690274
1.45   0.706830573297
1.475   0.705834352621
1.5   0.705047406487
1.525   0.704485799127
1.55   0.704160980849
1.575   0.704079569787
1.6   0.704243224064
1.625   0.704648609573
1.65   0.705287464682
1.675   0.70614675924
1.7   0.707208941414
1.725   0.70845226256
1.75   0.709851167585
1.775   0.711376736288
1.8   0.712997160063
1.825   0.714678238068
1.85   0.716383877446
1.875   0.718076583327
1.9   0.719717926
1.925   0.72126897458
1.95   0.722690688697
1.975   0.723944261862
2.0   0.72499141229
2.025   0.72579461883
2.05   0.726317301327
2.075   0.726523946084
2.1   0.726380178163
2.125   0.725852783049
2.15   0.724909680664
2.175   0.723519855003
2.2   0.72165324271
2.225   0.719280583803
2.25   0.716373237614
2.275   0.71290296677
2.3   0.708841691946
2.325   0.704161220142
2.35   0.698832949566
2.375   0.692827554941
2.4   0.686114658332
2.425   0.678662492545
2.45   0.670437566918
2.475   0.661404348862
2.5   0.651524978914
2.525   0.640759042064
2.55   0.629063423416
2.575   0.6163922814
2.6   0.602697175952
2.625   0.587927391624
2.65   0.572030495419
2.675   0.554953165413
2.7   0.536642318218
2.725   0.517046550501
2.75   0.496117892264
2.775   0.473813847941
2.8   0.450099676774
2.825   0.424950838279
2.85   0.398355504011
2.875   0.370317015879
2.9   0.340856156231
2.925   0.310013088095
2.95   0.277848826597
2.975   0.24444611571
3.0   0.209909607577
3.025   0.174365273954
3.05   0.137959018568
3.075   0.100854502963
3.1   0.0632302435344
3.125   0.025276080649
