0.0   0.0
0.025   0.0314442474672
0.05   0.062664914771
0.075   0.0934433235079
0.1   0.123570403609
0.125   0.15285102109
0.15   0.181107765554
0.175   0.208184067278
0.2   0.233946551668
0.225   0.258286580763
0.25   0.281120974323
0.275   0.302391943849
0.3   0.322066308937
0.325   0.340134094486
0.35   0.356606627839
0.375   0.371514266162
0.4   0.384903886307
0.425   0.39683626278
0.45   0.407383445754
0.475   0.416626232135
0.5   0.42465180082
0.525   0.431551560459
0.55   0.437419236468
0.575   0.44234920513
0.6   0.446435067651
0.625   0.4497684465
0.65   0.452437980265
0.675   0.454528491353
0.7   0.456120302183
0.725   0.457288679297
0.75   0.458103389922
0.775   0.458628360985
0.8   0.458921435565
0.825   0.459034225607
0.85   0.459012062028
0.875   0.458894043911
0.9   0.45871318745
0.925   0.458496672857
0.95   0.458266184082
0.975   0.458038332328
1.0   0.457825150513
1.025   0.457634642546
1.05   0.457471368791
1.075   0.45733704775
1.1   0.45723115383
1.125   0.457151492069
1.15   0.457094732703
1.175   0.457056891323
1.2   0.457033743709
1.225   0.457021168138
1.25   0.457015411603
1.275   0.457013279946
1.3   0.45701225503
1.325   0.457010544812
1.35   0.457007074362
1.375   0.457001427469
1.4   0.456993749585
1.425   0.456984623362
1.45   0.456974928113
1.475   0.456965694142
1.5   0.456957962088
1.525   0.45695265638
1.55   0.456950480469
1.575   0.45695183997
1.6   0.456956798054
1.625   0.456965065589
1.65   0.456976026587
1.675   0.456988797584
1.7   0.457002317676
1.725   0.457015464124
1.75   0.457027186744
1.775   0.45703665283
1.8   0.457043393098
1.825   0.45704743815
1.85   0.457049434397
1.875   0.457050728092
1.9   0.45705340644
1.925   0.457060285411
1.95   0.457074835211
1.975   0.457101036149
2.0   0.457143160036
2.025   0.457205475109
2.05   0.457291875762
2.075   0.45740544198
2.1   0.457547937042
2.125   0.457719255646
2.15   0.457916837833
2.175   0.458135066637
2.2   0.458364669066
2.225   0.458592140653
2.25   0.458799213166
2.275   0.458962383346
2.3   0.459052517709
2.325   0.459034544912
2.35   0.458867243281
2.375   0.458503127344
2.4   0.457888434095
2.425   0.45696320773
2.45   0.455661481058
2.475   0.45391155301
2.5   0.451636364494
2.525   0.448753979169
2.55   0.445178180971
2.575   0.440819205649
2.6   0.435584628409
2.625   0.429380432786
2.65   0.422112286253
2.675   0.413687044796
2.7   0.404014501137
2.725   0.393009379233
2.75   0.380593561265
2.775   0.366698513407
2.8   0.351267854429
2.825   0.334259988481
2.85   0.315650702244
2.875   0.295435609236
2.9   0.273632312556
2.925   0.250282153475
2.95   0.225451418271
2.975   0.199231890132
3.0   0.171740656499
3.025   0.143119113876
3.05   0.113531150076
3.075   0.0831605256914
3.1   0.0522075194413
3.125   0.020884942944
