0.0   0.0
0.025   0.0185607333062
0.05   0.0369007744385
0.075   0.0548053710579
0.1   0.0720714424471
0.125   0.0885129055502
0.15   0.103965417427
0.175   0.118290384071
0.2   0.131378119004
0.225   0.143150071618
0.25   0.153560081896
0.275   0.162594652376
0.3   0.170272257372
0.325   0.176641732156
0.35   0.18177980024
0.375   0.18578780606
0.4   0.188787725749
0.425   0.19091753472
0.45   0.192326023366
0.475   0.193167177735
0.5   0.193594285411
0.525   0.193753988204
0.55   0.193780575002
0.575   0.193790872783
0.6   0.193880126162
0.625   0.194119230039
0.65   0.194553581028
0.675   0.195203647516
0.7   0.196067156105
0.725   0.197122600192
0.75   0.198333639693
0.775   0.199653906378
0.8   0.201031757691
0.825   0.202414611811
0.85   0.20375261619
0.875   0.205001521062
0.9   0.20612472848
0.925   0.207094557677
0.95   0.207892809707
0.975   0.208510733908
1.0   0.208948503108
1.025   0.20921430045
1.05   0.209323113034
1.075   0.209295319838
1.1   0.209155154804
1.125   0.20892912128
1.15   0.208644430339
1.175   0.208327532015
1.2   0.208002803711
1.225   0.207691452759
1.25   0.207410679576
1.275   0.207173133646
1.3   0.206986677473
1.325   0.206854454683
1.35   0.206775239665
1.375   0.206744029205
1.4   0.206752823387
1.425   0.206791534551
1.45   0.206848959792
1.475   0.20691375392
1.5   0.206975345057
1.525   0.207024742976
1.55   0.207055199649
1.575   0.207062691262
1.6   0.207046200662
1.625   0.207007788413
1.65   0.206952449561
1.675   0.206887761966
1.7   0.206823341081
1.725   0.206770125446
1.75   0.206739526928
1.775   0.206742489527
1.8   0.206788509541
1.825   0.206884677064
1.85   0.207034802906
1.875   0.207238694915
1.9   0.207491642651
1.925   0.207784159197
1.95   0.208102014275
1.975   0.20842657506
2.0   0.20873545199
2.025   0.209003428385
2.05   0.209203636401
2.075   0.209308928913
2.1   0.209293387492
2.125   0.209133900372
2.15   0.208811740091
2.175   0.208314067103
2.2   0.207635281755
2.225   0.206778141707
2.25   0.205754554831
2.275   0.204585949654
2.3   0.203303118505
2.325   0.201945426691
2.35   0.200559289729
2.375   0.199195847091
2.4   0.197907812106
2.425   0.196745557961
2.45   0.195752607129
2.475   0.194960813702
2.5   0.194385641202
2.525   0.194022010878
2.55   0.193841197285
2.575   0.193789164243
2.6   0.193786574575
2.625   0.193730506194
2.65   0.193497712541
2.675   0.192949120005
2.7   0.191935181296
2.725   0.190301700121
2.75   0.187895788846
2.775   0.184571690426
2.8   0.180196265551
2.825   0.174654001619
2.85   0.167851437183
2.875   0.159720915948
2.9   0.150223594074
2.925   0.13935162969
2.95   0.127129489816
2.975   0.113614320932
3.0   0.0988953472933
3.025   0.0830922861049
3.05   0.0663527997273
3.075   0.0488490404468
3.1   0.0307733802878
3.125   0.012333454172
