0.0   0.0
0.025   0.0402675612053
0.05   0.080346412864
0.075   0.120052221108
0.1   0.15920920761
0.125   0.197653950206
0.15   0.235238644692
0.175   0.271833701671
0.2   0.307329592913
0.225   0.341637906255
0.25   0.374691613426
0.275   0.406444597853
0.3   0.436870526616
0.325   0.465961179751
0.35   0.493724369358
0.375   0.520181589748
0.4   0.545365538296
0.425   0.569317635932
0.45   0.592085658043
0.475   0.613721563408
0.5   0.634279583138
0.525   0.653814605904
0.55   0.672380872131
0.575   0.69003096987
0.6   0.706815109698
0.625   0.722780645543
0.65   0.737971802547
0.675   0.7524295714
0.7   0.766191730035
0.725   0.779292957334
0.75   0.791765008487
0.775   0.80363692727
0.8   0.814935275991
0.825   0.825684368856
0.85   0.835906498854
0.875   0.845622151702
0.9   0.854850203094
0.925   0.86360809746
0.95   0.871912007782
0.975   0.879776976899
1.0   0.887217041239
1.025   0.894245338167
1.05   0.900874198248
1.075   0.907115223677
1.1   0.912979354092
1.125   0.918476920872
1.15   0.923617690933
1.175   0.928410900984
1.2   0.932865283086
1.225   0.936989082378
1.25   0.940790067775
1.275   0.944275536432
1.3   0.947452312802
1.325   0.950326743092
1.35   0.952904685962
1.375   0.955191500302
1.4   0.957192030935
1.425   0.958910593093
1.45   0.960350956465
1.475   0.961516329614
1.5   0.962409345461
1.525   0.963032048514
1.55   0.963385884361
1.575   0.963471691896
1.6   0.9632896986
1.625   0.962839519066
1.65   0.962120156817
1.675   0.961130009355
1.7   0.9598668762
1.725   0.958327969581
1.75   0.956509927305
1.775   0.954408827237
1.8   0.952020202712
1.825   0.949339058159
1.85   0.946359884138
1.875   0.943076670964
1.9   0.939482920077
1.925   0.935571652298
1.95   0.931335412129
1.975   0.926766267249
2.0   0.921855802386
2.025   0.916595106735
2.05   0.910974754116
2.075   0.904984775029
2.1   0.898614619743
2.125   0.891853111527
2.15   0.884688389038
2.175   0.877107836806
2.2   0.869098002676
2.225   0.860644500971
2.25   0.851731900089
2.275   0.842343593256
2.3   0.832461651316
2.325   0.822066656745
2.35   0.811137518718
2.375   0.799651270072
2.4   0.787582848555
2.425   0.774904866928
2.45   0.761587379464
2.475   0.747597656119
2.5   0.732899980237
2.525   0.717455490841
2.55   0.701222096176
2.575   0.684154490628
2.6   0.666204311828
2.625   0.647320477847
2.65   0.627449744882
2.675   0.606537522874
2.7   0.58452897918
2.725   0.561370448345
2.75   0.537011149007
2.775   0.511405187669
2.8   0.484513804553
2.825   0.456307790799
2.85   0.426769981229
2.875   0.395897705062
2.9   0.363705061157
2.925   0.330224876456
2.95   0.295510208186
2.975   0.259635262664
3.0   0.222695626269
3.025   0.184807736092
3.05   0.146107557056
3.075   0.106748476287
3.1   0.0668984708984
3.125   0.0267366490161
