0.0   0.0
0.025   0.00827893694645
0.05   0.0164002534251
0.075   0.0242122627199
0.1   0.0315749314228
0.125   0.0383651805917
0.15   0.0444815829263
0.175   0.0498482948719
0.2   0.0544180887333
0.225   0.0581743721026
0.25   0.0611320933793
0.275   0.063337425862
0.3   0.0648660941636
0.325   0.0658201587791
0.35   0.0663230282345
0.375   0.0665124735554
0.4   0.0665315613508
0.425   0.0665177948031
0.45   0.0665913859478
0.475   0.0668443271615
0.5   0.0673324033317
0.525   0.068072041897
0.55   0.0690427962355
0.575   0.0701947197577
0.6   0.0714586718751
0.625   0.0727572354726
0.65   0.0740143830749
0.675   0.0751628668969
0.7   0.0761490802255
0.725   0.0769356263562
0.75   0.0775020357977
0.775   0.0778440902694
0.8   0.0779721442565
0.825   0.0779087489632
0.85   0.0776858130577
0.875   0.0773414910915
0.9   0.076916973328
0.925   0.0764533528038
0.95   0.0759887554502
0.975   0.0755559230197
1.0   0.0751804224546
1.025   0.0748796097891
1.05   0.0746624015359
1.075   0.0745298130359
1.1   0.0744761314843
1.125   0.074490522823
1.15   0.0745588411283
1.175   0.0746654193615
1.2   0.0747946628661
1.225   0.0749323268888
1.25   0.0750664215007
1.275   0.0751877405493
1.3   0.0752900501384
1.325   0.0753699958058
1.35   0.0754267981183
1.375   0.0754618070524
1.4   0.0754779794975
1.425   0.0754793342055
1.45   0.0754704265975
1.475   0.0754558735997
1.5   0.0754399473254
1.525   0.0754262468802
1.55   0.0754174504901
1.575   0.0754151458619
1.6   0.0754197351209
1.625   0.0754304113569
1.65   0.0754452059381
1.675   0.0754611082462
1.7   0.0754742612398
1.725   0.0754802362588
1.75   0.0754743880341
1.775   0.0754522856238
1.8   0.0754102070414
1.825   0.0753456750993
1.85   0.0752580002277
1.875   0.075148783742
1.9   0.075022323566
1.925   0.0748858554768
1.95   0.0747495588255
1.975   0.0746262592847
2.0   0.0745307758093
2.025   0.0744788876464
2.05   0.0744859412328
2.075   0.0745651739341
2.1   0.0747258944406
2.125   0.0749717154763
2.15   0.075299067619
2.175   0.0756962200049
2.2   0.0761429894093
2.225   0.076611240722
2.25   0.07706618698
2.275   0.0774684079007
2.3   0.0777764399762
2.325   0.0779497561028
2.35   0.0779519447322
2.375   0.0777539061293
2.4   0.0773368921329
2.425   0.076695212524
2.45   0.0758384056261
2.475   0.0747926178227
2.5   0.0736008588921
2.525   0.0723217150265
2.55   0.071026052985
2.575   0.0697913170218
2.6   0.0686933117881
2.625   0.067795957211
2.65   0.0671403331233
2.675   0.0667350984527
2.7   0.0665505888206
2.725   0.0665182219392
2.75   0.0665354334073
2.775   0.0664748958391
2.8   0.0661959425355
2.825   0.0655561532538
2.85   0.0644216773748
2.875   0.0626756090371
2.9   0.0602242806139
2.925   0.0570016272936
2.95   0.0529718601756
2.975   0.0481306653978
3.0   0.0425050960013
3.025   0.0361522805662
3.05   0.0291570516603
3.075   0.0216285975335
3.1   0.0136962563847
3.125   0.00550459678947
