0.0   0.0
0.025   0.0111312918304
0.05   0.0220737690984
0.075   0.0326450215375
0.1   0.0426752331953
0.125   0.0520129532548
0.15   0.0605302602391
0.175   0.0681271554049
0.2   0.074735046485
0.225   0.0803192057729
0.25   0.0848801013901
0.275   0.0884535019028
0.3   0.0911092382448
0.325   0.0929484738918
0.35   0.09409929545
0.375   0.0947104199635
0.4   0.0949428744779
0.425   0.0949597078962
0.45   0.0949142020948
0.475   0.0949376388333
0.5   0.0951282843571
0.525   0.0955435615985
0.55   0.0961970794891
0.575   0.0970612223087
0.6   0.0980747036632
0.625   0.099153421162
0.65   0.100202527345
0.675   0.101127889305
0.7   0.101845754672
0.725   0.102290121518
0.75   0.102417800552
0.775   0.102211402554
0.8   0.101680528286
0.825   0.100861358906
0.85   0.0998147106674
0.875   0.098622483698
0.9   0.0973823539035
0.925   0.0962005919634
0.95   0.0951831094414
0.975   0.0944252612185
1.0   0.0940015088261
1.025   0.0939565562166
1.05   0.0942996950557
1.075   0.0950036168849
1.1   0.096007945449
1.125   0.0972266243472
1.15   0.0985575509042
1.175   0.0998927203567
1.2   0.101127528077
1.225   0.102168469824
1.25   0.102939008385
1.275   0.10338370945
1.3   0.103470887169
1.325   0.103193996688
1.35   0.10257192855
1.375   0.10164824203
1.4   0.100489249472
1.425   0.0991807554287
1.45   0.0978231971143
1.475   0.0965249795502
1.5   0.0953940149779
1.525   0.0945279021003
1.55   0.0940037662081
1.575   0.0938693278805
1.6   0.0941369628982
1.625   0.0947821090206
1.65   0.095746406925
1.675   0.0969448211957
1.7   0.098275177866
1.725   0.09962836229
1.75   0.100897769179
1.775   0.101987187588
1.8   0.102816850133
1.825   0.103327731356
1.85   0.10348433307
1.875   0.103276199634
1.9   0.102718326949
1.925   0.101850512132
1.95   0.100735565671
1.975   0.0994561982523
2.0   0.0981103325145
2.025   0.0968046264883
2.05   0.0956461937564
2.075   0.0947329095593
2.1   0.0941432634748
2.125   0.0939272772585
2.15   0.0941002489032
2.175   0.0946407477021
2.2   0.0954933727428
2.225   0.0965756500091
2.25   0.0977875818892
2.275   0.099022093799
2.3   0.100174909031
2.325   0.101152944797
2.35   0.101880865148
2.375   0.102305785704
2.4   0.102400274521
2.425   0.102163782397
2.45   0.101622531108
2.475   0.100827748475
2.5   0.0998520167839
2.525   0.0987834550328
2.55   0.0977175588747
2.575   0.0967468475787
2.6   0.0959490352555
2.625   0.0953751449325
2.65   0.0950395399312
2.675   0.0949138970714
2.7   0.0949264841204
2.725   0.0949668975453
2.75   0.0948951724316
2.775   0.0945534161956
2.8   0.0937780457283
2.825   0.0924111546093
2.85   0.0903101656381
2.875   0.0873554619855
2.9   0.0834560258304
2.925   0.0785532610283
2.95   0.0726232032017
2.975   0.0656772925827
3.0   0.0577618460106
3.025   0.0489563366009
3.05   0.0393705795532
3.075   0.0291409290258
3.1   0.018425609177
3.125   0.00739932673035
