0.0   0.0
0.025   0.0572184913524
0.05   0.114236856163
0.075   0.170856228711
0.1   0.226880258688
0.125   0.282116353373
0.15   0.33637690123
0.175   0.389480470864
0.2   0.441252979348
0.225   0.491528824051
0.25   0.540151972217
0.275   0.586977002655
0.3   0.631870094039
0.325   0.674709954386
0.35   0.715388686387
0.375   0.753812583267
0.4   0.789902849822
0.425   0.823596243202
0.45   0.854845627747
0.475   0.883620437893
0.5   0.909907042663
0.525   0.933709004617
0.55   0.955047225275
0.575   0.973959968031
0.6   0.990502748273
0.625   1.00474807907
0.65   1.01678505919
0.675   1.02671878861
0.7   1.03466959533
0.725   1.04077205592
0.75   1.04517379189
0.775   1.04803402442
0.8   1.04952187179
0.825   1.04981437811
0.85   1.04909426827
0.875   1.04754743385
0.9   1.04536016783
0.925   1.04271618248
0.95   1.03979346433
0.975   1.03676104158
1.0   1.03377576084
1.025   1.03097918925
1.05   1.02849477194
1.075   1.02642538054
1.1   1.02485138374
1.125   1.02382935385
1.15   1.02339149505
1.175   1.02354584096
1.2   1.02427722494
1.225   1.02554898173
1.25   1.02730529749
1.275   1.02947409237
1.3   1.03197029818
1.325   1.03469938391
1.35   1.03756098452
1.375   1.04045250003
1.4   1.04327255074
1.425   1.04592419642
1.45   1.04831785001
1.475   1.05037383734
1.5   1.05202457212
1.525   1.05321632922
1.55   1.05391060881
1.575   1.05408508971
1.6   1.05373417309
1.625   1.05286911778
1.65   1.05151776772
1.675   1.04972387074
1.7   1.04754598706
1.725   1.04505598716
1.75   1.04233714221
1.775   1.03948181719
1.8   1.03658878786
1.825   1.03376021794
1.85   1.03109835164
1.875   1.02870199863
1.9   1.02666291115
1.925   1.02506217433
1.95   1.02396674754
1.975   1.02342630331
2.0   1.02347050934
2.025   1.024106885
2.05   1.02531933829
2.075   1.027067453
2.1   1.02928655255
2.125   1.03188852175
2.15   1.03476332544
2.175   1.03778112728
2.2   1.04079488791
2.225   1.04364330842
2.25   1.04615398441
2.275   1.04814664448
2.3   1.04943636315
2.325   1.04983665848
2.35   1.0491624062
2.375   1.04723252356
2.4   1.04387239416
2.425   1.0389160209
2.45   1.03220790599
2.475   1.02360466542
2.5   1.0129763911
2.525   1.00020777709
2.55   0.985199027669
2.575   0.967866565213
2.6   0.94814355486
2.625   0.925980261911
2.65   0.90134425617
2.675   0.87422047593
2.7   0.844611162777
2.725   0.812535677033
2.75   0.778030202468
2.775   0.74114734795
2.8   0.701955652925
2.825   0.660539003018
2.85   0.616995961651
2.875   0.57143902323
2.9   0.523993793329
2.925   0.474798101197
2.95   0.424001049892
2.975   0.371762009419
3.0   0.318249558312
3.025   0.263640379212
3.05   0.208118114115
3.075   0.151872185083
3.1   0.0950965863276
3.125   0.0379886536832
