0.0   0.0
0.025   0.0506043028064
0.05   0.10102209503
0.075   0.151068040193
0.1   0.200559144436
0.125   0.249315913869
0.15   0.297163495254
0.175   0.343932794601
0.2   0.389461568361
0.225   0.433595482027
0.25   0.476189131112
0.275   0.517107019613
0.3   0.556224491218
0.325   0.593428608687
0.35   0.628618976903
0.375   0.661708505238
0.4   0.692624104843
0.425   0.721307316447
0.45   0.747714864085
0.475   0.77181912986
0.5   0.793608544377
0.525   0.813087886801
0.55   0.830278487552
0.575   0.845218325405
0.6   0.857962009212
0.625   0.868580632572
0.65   0.877161487501
0.675   0.883807620627
0.7   0.888637212733
0.725   0.891782759691
0.75   0.893390030485
0.775   0.893616776357
0.8   0.892631164853
0.825   0.89060991451
0.85   0.887736110944
0.875   0.884196694223
0.9   0.880179621542
0.925   0.87587072885
0.95   0.871450340209
0.975   0.867089703286
1.0   0.862947361186
1.025   0.85916560144
1.05   0.85586714761
1.075   0.853152272749
1.1   0.851096512127
1.125   0.849749132499
1.15   0.849132476441
1.175   0.849242246155
1.2   0.850048727771
1.225   0.851498892749
1.25   0.85351925589
1.275   0.856019326783
1.3   0.85889546734
1.325   0.862034963189
1.35   0.865320128861
1.375   0.868632291402
1.4   0.871855528966
1.425   0.874880074894
1.45   0.877605329595
1.475   0.879942449477
1.5   0.881816502666
1.525   0.883168195138
1.55   0.883955178559
1.575   0.884152953616
1.6   0.883755381089
1.625   0.882774808612
1.65   0.881241815207
1.675   0.879204569439
1.7   0.876727791556
1.725   0.873891306483
1.75   0.870788174204
1.775   0.867522388196
1.8   0.864206142223
1.825   0.860956681892
1.85   0.857892780126
1.875   0.855130904483
1.9   0.852781177193
1.925   0.850943262541
1.95   0.849702346383
1.975   0.849125393569
2.0   0.849257875955
2.025   0.850121152399
2.05   0.851710651493
2.075   0.853994959628
2.1   0.856915856521
2.125   0.86038927534
2.15   0.864307103405
2.175   0.868539689971
2.2   0.872938894922
2.225   0.877341498376
2.25   0.881572795079
2.275   0.885450215443
2.3   0.888786842297
2.325   0.891394723892
2.35   0.893087915124
2.375   0.8936852072
2.4   0.893012529353
2.425   0.890905023923
2.45   0.887208808517
2.475   0.88178244658
2.5   0.874498151597
2.525   0.865242751261
2.55   0.853918437134
2.575   0.840443323378
2.6   0.824751835593
2.625   0.806794948015
2.65   0.786540284685
2.675   0.763972097715
2.7   0.739091133669
2.725   0.711914397275
2.75   0.682474820243
2.775   0.650820841833
2.8   0.61701590697
2.825   0.581137887071
2.85   0.543278428381
2.875   0.503542232304
2.9   0.462046272145
2.925   0.418918950618
2.95   0.374299202536
2.975   0.328335547187
3.0   0.281185095041
3.025   0.233012513564
3.05   0.183988957084
3.075   0.1342909658
3.1   0.0840993391589
3.125   0.0335979889541
