0.0   0.0
0.025   0.00989707177821
0.05   0.0196261222666
0.075   0.0290246360753
0.1   0.037940892946
0.125   0.0462388347515
0.15   0.0538023260256
0.175   0.0605386535985
0.2   0.0663811467777
0.225   0.0712908384193
0.25   0.0752571258262
0.275   0.0782974252595
0.3   0.0804558418447
0.325   0.0818008955788
0.35   0.0824223535993
0.375   0.0824272215755
0.4   0.0819349504987
0.425   0.0810719327486
0.45   0.0799654117433
0.475   0.0787370308596
0.5   0.0774964042088
0.525   0.0763352769689
0.55   0.07532298512
0.575   0.0745039227918
0.6   0.0738975018271
0.625   0.0735006551395
0.65   0.0732924234994
0.675   0.0732397667821
0.7   0.0733035989769
0.725   0.0734441777221
0.75   0.073625284553
0.775   0.0738169736276
0.8   0.0739969418641
0.825   0.0741507422779
0.85   0.0742711339405
0.875   0.0743568668726
0.9   0.07441116892
0.925   0.0744401556102
0.95   0.0744513345563
0.975   0.0744523277422
1.0   0.0744498892576
1.025   0.074449253394
1.05   0.0744538097041
1.075   0.0744650696908
1.1   0.0744828664108
1.125   0.0745057149735
1.15   0.0745312589256
1.175   0.0745567336007
1.2   0.0745793903151
1.225   0.0745968418477
1.25   0.0746073070851
1.275   0.0746097487112
1.3   0.0746039107976
1.325   0.0745902723394
1.35   0.0745699380495
1.375   0.0745444894123
1.4   0.0745158177693
1.425   0.074485957835
1.45   0.0744569354055
1.475   0.0744306379192
1.5   0.0744087117113
1.525   0.0743924858506
1.55   0.0743829197457
1.575   0.0743805704534
1.6   0.0743855757412
1.625   0.0743976502144
1.65   0.0744160937751
1.675   0.0744398138274
1.7   0.0744673644219
1.725   0.0744970064502
1.75   0.0745267926804
1.775   0.0745546796829
1.8   0.0745786655503
1.825   0.0745969480182
1.85   0.0746080926157
1.875   0.074611195445
1.9   0.0746060208857
1.925   0.0745930917814
1.95   0.0745737093342
1.975   0.074549882773
2.0   0.0745241554312
2.025   0.0744993243786
2.05   0.0744780648731
2.075   0.0744624875921
2.1   0.0744536740379
2.125   0.0744512511291
2.15   0.074453076829
2.175   0.0744551118977
2.2   0.0744515464402
2.225   0.0744352331197
2.25   0.074398452421
2.275   0.074334001023
2.3   0.0742365543852
2.325   0.0741042108742
2.35   0.0739400781079
2.375   0.0737537133252
2.4   0.0735621805111
2.425   0.0733904441742
2.45   0.0732707976098
2.475   0.0732410470639
2.5   0.0733412746476
2.525   0.0736092083922
2.55   0.0740745330743
2.575   0.0747528193711
2.6   0.0756400113334
2.625   0.0767084583741
2.65   0.0779052408105
2.675   0.07915308015
2.7   0.0803536190716
2.725   0.0813924842627
2.75   0.0821454006914
2.775   0.0824846840965
2.8   0.0822856057856
2.825   0.0814323053325
2.85   0.0798230661507
2.875   0.0773748516431
2.9   0.0740270367538
2.925   0.0697442806663
2.95   0.064518488343
2.975   0.0583698129844
3.0   0.0513466639943
3.025   0.0435247071599
3.05   0.0350048743561
3.075   0.0259104365644
3.1   0.0163832330742
3.125   0.00657918798205
