0.0   0.0
0.025   0.0401828198141
0.05   0.0801765331949
0.075   0.11979641257
0.1   0.158866292261
0.125   0.197222372256
0.15   0.234716483095
0.175   0.271218685726
0.2   0.306619120718
0.225   0.340829065803
0.25   0.373781206056
0.275   0.405429163678
0.3   0.435746371487
0.325   0.464724403267
0.35   0.492370893373
0.375   0.518707186851
0.4   0.543765859772
0.425   0.567588238771
0.45   0.590222030673
0.475   0.611719149971
0.5   0.632133806237
0.525   0.651520887917
0.55   0.6699346553
0.575   0.687427735497
0.6   0.704050396843
0.625   0.719850069691
0.65   0.734871074724
0.675   0.749154518197
0.7   0.762738314992
0.725   0.775657304064
0.75   0.787943425864
0.775   0.799625936929
0.8   0.81073164229
0.825   0.821285131396
0.85   0.831309007523
0.875   0.840824104148
0.9   0.84984968443
0.925   0.858403621907
0.95   0.866502561867
0.975   0.874162063735
1.0   0.881396725319
1.025   0.888220290017
1.05   0.894645738212
1.075   0.900685364015
1.1   0.90635083854
1.125   0.911653260741
1.15   0.916603196814
1.175   0.921210709099
1.2   0.925485375371
1.225   0.929436299403
1.25   0.933072113678
1.275   0.936400975164
1.3   0.939430555074
1.325   0.942168023597
1.35   0.944620030605
1.375   0.946792683364
1.4   0.948691522328
1.425   0.95032149605
1.45   0.951686936263
1.475   0.952791534116
1.5   0.953638318489
1.525   0.954229637226
1.55   0.954567141979
1.575   0.954651777243
1.6   0.954483774
1.625   0.954062648186
1.65   0.953387204065
1.675   0.952455542369
1.7   0.951265072907
1.725   0.949812531175
1.75   0.94809399834
1.775   0.946104923847
1.8   0.943840149776
1.825   0.941293936006
1.85   0.938459985167
1.875   0.935331466337
1.9   0.931901036431
1.925   0.928160858219
1.95   0.924102613962
1.975   0.919717513656
2.0   0.914996296936
2.025   0.909929227717
2.05   0.904506080685
2.075   0.89871611875
2.1   0.892548060596
2.125   0.885990037417
2.15   0.879029537895
2.175   0.871653340416
2.2   0.863847431416
2.225   0.855596908724
2.25   0.846885868662
2.275   0.837697275753
2.3   0.828012813958
2.325   0.817812718758
2.35   0.80707558999
2.375   0.795778186354
2.4   0.783895204098
2.425   0.771399044509
2.45   0.758259577862
2.475   0.744443915165
2.5   0.729916203654
2.525   0.714637467166
2.55   0.698565518118
2.575   0.681654973276
2.6   0.663857410165
2.625   0.645121704042
2.65   0.625394585839
2.675   0.604621458462
2.7   0.582747501541
2.725   0.559719082544
2.75   0.535485475203
2.775   0.510000864841
2.8   0.483226595669
2.825   0.455133589206
2.85   0.425704837882
2.875   0.394937856173
2.9   0.362846955733
2.925   0.329465203214
2.95   0.294845921307
2.975   0.259063605932
3.0   0.222214155161
3.025   0.184414337482
3.05   0.14580046629
3.075   0.106526291404
3.1   0.0667601639058
3.125   0.0266815741278
