0.0   0.0
0.025   0.04035368809
0.05   0.0805190685331
0.075   0.120312206113
0.1   0.159557714673
0.125   0.198092554528
0.15   0.235769291112
0.175   0.272458688773
0.2   0.308051554233
0.225   0.342459788819
0.25   0.375616653915
0.275   0.407476296779
0.3   0.438012620976
0.325   0.46721761467
0.35   0.495099269265
0.375   0.521679229641
0.4   0.546990315603
0.425   0.571074043406
0.45   0.593978258016
0.475   0.615754963619
0.5   0.636458414181
0.525   0.656143500221
0.55   0.674864444321
0.575   0.692673798002
0.6   0.7096217172
0.625   0.725755483212
0.65   0.741119230185
0.675   0.755753838595
0.7   0.769696955642
0.725   0.782983107238
0.75   0.795643871328
0.775   0.807708087863
0.8   0.819202086239
0.825   0.830149916091
0.85   0.840573571562
0.875   0.850493202726
0.9   0.859927310483
0.925   0.868892923208
0.95   0.877405754822
0.975   0.885480344786
1.0   0.893130181045
1.025   0.90036780723
1.05   0.907204915447
1.075   0.91365242604
1.1   0.919720555561
1.125   0.925418874128
1.15   0.930756353217
1.175   0.93574140485
1.2   0.940381913042
1.225   0.944685258312
1.25   0.948658336025
1.275   0.952307569269
1.3   0.955638916969
1.325   0.958657877921
1.35   0.961369491415
1.375   0.963778335097
1.4   0.965888520719
1.425   0.967703688409
1.45   0.969227000041
1.475   0.970461132283
1.5   0.971408269826
1.525   0.972070099255
1.55   0.972447803942
1.575   0.972542060275
1.6   0.972353035438
1.625   0.971880386873
1.65   0.971123263455
1.675   0.970080308312
1.7   0.968749663131
1.725   0.967128973702
1.75   0.965215396352
1.775   0.963005604872
1.8   0.960495797454
1.825   0.957681703099
1.85   0.954558586939
1.875   0.95112125385
1.9   0.947364049733
1.925   0.943280859806
1.95   0.938865103257
1.975   0.934109723583
2.0   0.929007173922
2.025   0.923549396693
2.05   0.917727796797
2.075   0.911533207625
2.1   0.904955849041
2.125   0.897985276449
2.15   0.890610319947
2.175   0.882819012497
2.2   0.874598505894
2.225   0.86593497325
2.25   0.856813496631
2.275   0.847217938481
2.3   0.837130795633
2.325   0.826533034996
2.35   0.815403910657
2.375   0.80372076315
2.4   0.791458803177
2.425   0.778590884272
2.45   0.765087271844
2.475   0.750915419792
2.5   0.736039770454
2.525   0.720421598881
2.55   0.704018928007
2.575   0.686786546773
2.6   0.668676167986
2.625   0.649636765773
2.65   0.629615133044
2.675   0.608556696422
2.7   0.586406618847
2.725   0.563111207968
2.75   0.5386196315
2.775   0.512885919404
2.8   0.485871208249
2.825   0.457546157183
2.85   0.427893439824
2.875   0.396910194586
2.9   0.364610300055
2.925   0.331026334134
2.95   0.296211077478
2.975   0.260238434053
3.0   0.223203664292
3.025   0.185222858285
3.05   0.146431615735
3.075   0.106982943345
3.1   0.0670444257628
3.125   0.0267947698558
