0.0   0.0
0.025   0.0397346288764
0.05   0.0792780231609
0.075   0.118443343463
0.1   0.15705234493
0.125   0.194939197199
0.15   0.231953765242
0.175   0.267964224728
0.2   0.302858926022
0.225   0.33654746546
0.25   0.368960967761
0.275   0.400051626167
0.3   0.42979158401
0.325   0.458171270526
0.35   0.485197323176
0.375   0.510890237687
0.4   0.535281885689
0.425   0.558413029321
0.45   0.580330944217
0.475   0.601087239292
0.5   0.620735936163
0.525   0.639331845397
0.55   0.656929253069
0.575   0.673580911078
0.6   0.689337309085
0.625   0.704246195328
0.65   0.718352307594
0.675   0.731697273753
0.7   0.744319642568
0.725   0.756255009133
0.75   0.767536204199
0.775   0.778193522172
0.8   0.788254968035
0.825   0.797746508426
0.85   0.806692316367
0.875   0.815115002646
0.9   0.823035829482
0.925   0.830474904067
0.95   0.837451350913
0.975   0.843983462812
1.0   0.850088830696
1.025   0.855784452985
1.05   0.86108682511
1.075   0.866012009912
1.1   0.870575689646
1.125   0.874793200276
1.15   0.878679548799
1.175   0.882249414374
1.2   0.885517134131
1.225   0.888496674671
1.25   0.891201590458
1.275   0.893644970464
1.3   0.895839374677
1.325   0.897796762277
1.35   0.899528413487
1.375   0.901044847289
1.4   0.902355737323
1.425   0.903469828381
1.45   0.904394855908
1.475   0.905137470907
1.5   0.905703172475
1.525   0.90609625004
1.55   0.906319737061
1.575   0.906375377641
1.6   0.906263607087
1.625   0.905983547032
1.65   0.90553301528
1.675   0.904908550048
1.7   0.904105447864
1.725   0.903117813918
1.75   0.901938623322
1.775   0.900559791396
1.8   0.898972250854
1.825   0.897166033589
1.85   0.895130354661
1.875   0.892853696047
1.9   0.89032388779
1.925   0.88752818425
1.95   0.884453333334
1.975   0.881085636754
2.0   0.877410999593
2.025   0.873414967632
2.05   0.869082751142
2.075   0.864399234019
2.1   0.859348967279
2.125   0.8539161461
2.15   0.848084569631
2.175   0.84183758287
2.2   0.835157999897
2.225   0.828028007755
2.25   0.820429050266
2.275   0.812341691118
2.3   0.803745455727
2.325   0.794618651694
2.35   0.784938168314
2.375   0.774679256605
2.4   0.763815292829
2.425   0.752317530685
2.45   0.740154850267
2.475   0.727293515621
2.5   0.71369695728
2.525   0.69932560134
2.55   0.684136772146
2.575   0.668084701104
2.6   0.651120678664
2.625   0.633193389512
2.65   0.614249471337
2.675   0.594234334375
2.7   0.573093271448
2.725   0.550772875945
2.75   0.527222768011
2.775   0.502397607849
2.8   0.476259350421
2.825   0.448779670006
2.85   0.419942458025
2.875   0.389746276013
2.9   0.358206629897
2.925   0.325357924148
2.95   0.291254956451
2.975   0.255973825987
3.0   0.219612151322
3.025   0.182288525866
3.05   0.144141178219
3.075   0.105325848616
3.1   0.0660129380568
3.125   0.0263840302349
