0.0   0.0
0.025   0.0389013577032
0.05   0.0776074024695
0.075   0.115927245168
0.1   0.153678648405
0.125   0.190691875005
0.15   0.226812997125
0.175   0.261906539338
0.2   0.295857369334
0.225   0.328571794237
0.25   0.359977865724
0.275   0.390024939721
0.3   0.418682573682
0.325   0.445938873641
0.35   0.47179842293
0.375   0.496279933669
0.4   0.519413761174
0.425   0.541239411248
0.45   0.561803152692
0.475   0.581155824639
0.5   0.599350902876
0.525   0.616442863713
0.55   0.632485860196
0.575   0.64753270522
0.6   0.661634140297
0.625   0.674838357846
0.65   0.687190738553
0.675   0.698733763255
0.7   0.709507059814
0.725   0.719547548918
0.75   0.728889657466
0.775   0.737565573647
0.8   0.745605523166
0.825   0.753038051011
0.85   0.759890297412
0.875   0.766188260034
0.9   0.771957037112
0.925   0.777221048137
0.95   0.782004229992
0.975   0.786330207291
1.0   0.790222436134
1.025   0.793704320774
1.05   0.796799302776
1.075   0.799530922354
1.1   0.801922851573
1.125   0.803998899271
1.15   0.805782987668
1.175   0.807299100915
1.2   0.808571206175
1.225   0.809623148249
1.25   0.810478519306
1.275   0.811160505819
1.3   0.811691715462
1.325   0.812093987353
1.35   0.812388189639
1.375   0.812594009025
1.4   0.812729737288
1.425   0.812812060214
1.45   0.812855854586
1.475   0.812873998861
1.5   0.812877203004
1.525   0.812873862535
1.55   0.812869941253
1.575   0.812868886283
1.6   0.812871578145
1.625   0.812876317451
1.65   0.812878848664
1.675   0.812872420184
1.7   0.812847878861
1.725   0.812793795983
1.75   0.812696620852
1.775   0.812540857295
1.8   0.812309257932
1.825   0.811983030621
1.85   0.811542051419
1.875   0.810965078429
1.9   0.810229961163
1.925   0.809313840444
1.95   0.808193334376
1.975   0.806844706524
2.0   0.805244013055
2.025   0.803367226258
2.05   0.80119033246
2.075   0.798689402955
2.1   0.795840637032
2.125   0.792620376626
2.15   0.78900509244
2.175   0.784971341613
2.2   0.780495697149
2.225   0.775554649458
2.25   0.770124480358
2.275   0.764181110008
2.3   0.757699917385
2.325   0.750655535237
2.35   0.743021621024
2.375   0.73477060635
2.4   0.725873428867
2.425   0.716299252769
2.45   0.706015186885
2.475   0.694986013102
2.5   0.683173942298
2.525   0.670538420123
2.55   0.657036010357
2.575   0.642620388899
2.6   0.627242485805
2.625   0.610850815548
2.65   0.593392035758
2.675   0.574811771243
2.7   0.555055732316
2.725   0.53407114387
2.75   0.511808484319
2.775   0.48822351192
2.8   0.463279531426
2.825   0.436949828212
2.85   0.409220172187
2.875   0.380091272546
2.9   0.34958104903
2.925   0.31772657813
2.95   0.284585575059
2.975   0.250237285076
3.0   0.214782680786
3.025   0.178343894143
3.05   0.141062851242
3.075   0.10309912177
3.1   0.0646270403103
3.125   0.0258321999915
