0.0   0.0
0.025   0.0101342161448
0.05   0.0201008747552
0.075   0.0297379433603
0.1   0.0388942197182
0.125   0.0474342081671
0.15   0.0552423793247
0.175   0.062226654765
0.2   0.0683209937593
0.225   0.0734869977024
0.25   0.0777144863172
0.275   0.0810210350658
0.3   0.0834504929098
0.325   0.0850705223608
0.35   0.0859692204131
0.375   0.0862508933079
0.4   0.0860310778612
0.425   0.0854309387041
0.45   0.0845712366136
0.475   0.0835661648956
0.5   0.0825174791516
0.525   0.0815094653773
0.55   0.0806053415039
0.575   0.0798456033287
0.6   0.0792485781989
0.625   0.0788130809647
0.65   0.0785226877438
0.675   0.0783508831461
0.7   0.0782662745575
0.725   0.0782371950168
0.75   0.0782352579471
0.775   0.0782376884631
0.8   0.0782284687834
0.825   0.0781984719424
0.85   0.078144823233
0.875   0.078069742412
0.9   0.0779791026616
0.925   0.0778809100992
0.95   0.0777838690689
0.975   0.0776961574674
1.0   0.0776244945127
1.025   0.0775735418718
1.05   0.0775456398694
1.075   0.0775408463691
1.1   0.0775572197843
1.125   0.0775912717362
1.15   0.0776385098534
1.175   0.0776939961572
1.2   0.0777528590648
1.225   0.0778107142043
1.25   0.0778639679092
1.275   0.0779099948676
1.3   0.0779471961767
1.325   0.0779749550036
1.35   0.0779935138711
1.375   0.0780038004418
1.4   0.0780072280819
1.425   0.0780054941651
1.45   0.0780003938964
1.475   0.0779936613256
1.5   0.077986843125
1.525   0.0779812054488
1.55   0.0779776704387
1.575   0.0779767770575
1.6   0.077978660955
1.625   0.0779830497101
1.65   0.0779892724677
1.675   0.0779962859295
1.7   0.0780027210596
1.725   0.0780069560139
1.75   0.0780072201964
1.775   0.0780017318075
1.8   0.0779888669331
1.825   0.0779673525975
1.85   0.0779364700033
1.875   0.0778962482783
1.9   0.0778476243972
1.925   0.0777925424511
1.95   0.0777339659399
1.975   0.077675780908
2.0   0.0776225759555
2.025   0.0775792974574
2.05   0.0775507942007
2.075   0.0775412838515
2.1   0.077553792145
2.125   0.0775896316693
2.15   0.0776479974479
2.175   0.0777257583212
2.2   0.0778175144588
2.225   0.0779159717988
2.25   0.0780126550916
2.275   0.078098945057
2.3   0.0781673849268
2.325   0.0782131598681
2.35   0.0782356111113
2.375   0.0782396062046
2.4   0.0782365497667
2.425   0.0782447907178
2.45   0.0782891731641
2.475   0.0783995065825
2.5   0.0786078183893
2.525   0.0789444149638
2.55   0.0794330114325
2.575   0.0800854548423
2.6   0.0808967795312
2.625   0.0818414035776
2.65   0.0828711431119
2.675   0.0839154088291
2.7   0.0848835585292
2.725   0.0856690418391
2.75   0.0861547799077
2.775   0.0862191897835
2.8   0.0857423444085
2.825   0.0846118874217
2.85   0.0827284439056
2.875   0.0800103579044
2.9   0.076397642341
2.925   0.0718550564906
2.95   0.0663742430217
2.975   0.0599748710883
3.0   0.052704750423
3.025   0.0446389065406
3.05   0.0358776389873
3.075   0.0265436212812
3.1   0.0167781400317
3.125   0.00673660857503
