0.0   0.0
0.025   0.0303021433363
0.05   0.0603778773904
0.075   0.0900057807467
0.1   0.118974212333
0.125   0.147085724558
0.15   0.174160935168
0.175   0.200041726858
0.2   0.224593681258
0.225   0.24770769549
0.25   0.269300771929
0.275   0.289316012364
0.3   0.307721883566
0.325   0.324510850304
0.35   0.339697492437
0.375   0.353316234158
0.4   0.365418815706
0.425   0.376071631702
0.45   0.385353047083
0.475   0.393350783277
0.5   0.400159445922
0.525   0.405878243226
0.55   0.410608923057
0.575   0.41445393854
0.6   0.417514837665
0.625   0.419890862596
0.65   0.421677739253
0.675   0.422966636795
0.7   0.423843279114
0.725   0.424387195306
0.75   0.424671102085
0.775   0.424760417119
0.8   0.424712907257
0.825   0.424578478699
0.85   0.424399116955
0.875   0.424208982745
0.9   0.424034665939
0.925   0.42389559397
0.95   0.423804584282
0.975   0.423768523442
1.0   0.423789149151
1.025   0.423863906337
1.05   0.423986845246
1.075   0.424149528202
1.1   0.424341912447
1.125   0.424553179035
1.15   0.424772481715
1.175   0.424989594718
1.2   0.425195443907
1.225   0.425382511511
1.25   0.425545110282
1.275   0.425679528219
1.3   0.425784049829
1.325   0.425858864135
1.35   0.425905873303
1.375   0.425928418748
1.4   0.425930943912
1.425   0.425918614581
1.45   0.425896918467
1.475   0.425871265949
1.5   0.425846613126
1.525   0.425827126842
1.55   0.42581590892
1.575   0.425814793761
1.6   0.425824229648
1.625   0.425843249787
1.65   0.425869534577
1.675   0.425899561882
1.7   0.425928837637
1.725   0.425952194945
1.75   0.425964146323
1.775   0.425959270859
1.8   0.425932616025
1.825   0.425880092655
1.85   0.425798841217
1.875   0.425687547942
1.9   0.425546690547
1.925   0.425378695181
1.95   0.425187988829
1.975   0.424980934602
2.0   0.424765641218
2.025   0.424551642415
2.05   0.424349447022
2.075   0.424169965807
2.1   0.424023826934
2.125   0.423920597518
2.15   0.423867934142
2.175   0.42387068985
2.2   0.423930008626
2.225   0.42404244029
2.25   0.424199108817
2.275   0.42438496512
2.3   0.424578151392
2.325   0.424749498562
2.35   0.424862171761
2.375   0.424871471709
2.4   0.42472479344
2.425   0.424361738606
2.45   0.423714374354
2.475   0.422707630963
2.5   0.421259832043
2.525   0.41928335492
2.55   0.416685424298
2.575   0.413369048419
2.6   0.409234112671
2.625   0.404178649804
2.65   0.398100307303
2.675   0.390898030207
2.7   0.382473970929
2.725   0.372735626327
2.75   0.361598186477
2.775   0.348987060252
2.8   0.334840521171
2.825   0.319112394824
2.85   0.30177468861
2.875   0.282820047671
2.9   0.262263909922
2.925   0.240146229586
2.95   0.216532643944
2.975   0.191514972576
3.0   0.16521096191
3.025   0.137763219436
3.05   0.109337319623
3.075   0.08011910508
3.1   0.050311248997
3.125   0.0201291854686
