0.0   0.0
0.025   0.0321383845148
0.05   0.0640540305842
0.075   0.0955290420453
0.1   0.126355013121
0.125   0.156337299776
0.15   0.185298754119
0.175   0.213082793048
0.2   0.239555710518
0.225   0.26460818483
0.25   0.288155975377
0.275   0.310139844052
0.3   0.330524772544
0.325   0.349298575581
0.35   0.366470030293
0.375   0.382066652574
0.4   0.39613225244
0.425   0.408724392982
0.45   0.419911862856
0.475   0.429772252454
0.5   0.438389701117
0.525   0.445852859239
0.55   0.452253086913
0.575   0.45768289154
0.6   0.462234591704
0.625   0.465999184255
0.65   0.46906538591
0.675   0.471518819524
0.7   0.473441317631
0.725   0.474910321056
0.75   0.475998357184
0.775   0.476772589903
0.8   0.477294440249
0.825   0.477619282637
0.85   0.477796225703
0.875   0.477867988719
0.9   0.477870884377
0.925   0.477834916391
0.95   0.477783996286
0.975   0.477736278409
1.0   0.477704606206
1.025   0.477697056752
1.05   0.477717565128
1.075   0.477766605813
1.1   0.477841905383
1.125   0.477939159456
1.15   0.478052727196
1.175   0.478176278518
1.2   0.478303372309
1.225   0.478427948115
1.25   0.478544718585
1.275   0.478649455105
1.3   0.478739164366
1.325   0.478812158614
1.35   0.478868027089
1.375   0.478907520251
1.4   0.478932361881
1.425   0.478945006792
1.45   0.478948363679
1.475   0.47894550344
1.5   0.478939373195
1.525   0.478932535047
1.55   0.478926946575
1.575   0.478923797072
1.6   0.478923409901
1.625   0.47892521707
1.65   0.478927807637
1.675   0.478929046855
1.7   0.478926258566
1.725   0.478916459218
1.75   0.478896628465
1.775   0.478863998595
1.8   0.478816343261
1.825   0.478752245149
1.85   0.478671322398
1.875   0.478574394717
1.9   0.478463572244
1.925   0.478342253086
1.95   0.4782150192
1.975   0.478087424616
2.0   0.477965674815
2.025   0.477856201263
2.05   0.477765140334
2.075   0.477697730976
2.1   0.477657650087
2.125   0.477646308433
2.15   0.477662132713
2.175   0.477699860738
2.2   0.477749876493
2.225   0.477797610035
2.25   0.477823023701
2.275   0.477800201389
2.3   0.477697051948
2.325   0.477475131651
2.35   0.477089584876
2.375   0.476489197142
2.4   0.475616551096
2.425   0.474408274413
2.45   0.472795369073
2.475   0.47070361419
2.5   0.468054039325
2.525   0.464763471506
2.55   0.460745166455
2.575   0.455909541791
2.6   0.450165036398
2.625   0.443419124496
2.65   0.435579514306
2.675   0.42655555859
2.7   0.416259897162
2.725   0.404610339471
2.75   0.391531978742
2.775   0.376959508828
2.8   0.360839692017
2.825   0.343133902604
2.85   0.323820648952
2.875   0.302897958484
2.9   0.280385497642
2.925   0.256326294162
2.95   0.230787933332
2.975   0.203863113778
3.0   0.175669471519
3.025   0.146348612496
3.05   0.116064331671
3.075   0.0850000386465
3.1   0.0533554528021
3.125   0.0213426719927
