0.0   0.0
0.025   0.0195013513497
0.05   0.0387378431416
0.075   0.0574501859734
0.1   0.0753900433007
0.125   0.0923250504462
0.15   0.10804331533
0.175   0.122357276969
0.2   0.135106835397
0.225   0.146161708898
0.25   0.155423018901
0.275   0.162824147391
0.3   0.168330954478
0.325   0.171941484047
0.35   0.173685323358
0.375   0.17362281957
0.4   0.171844395668
0.425   0.168470254388
0.45   0.163650816535
0.475   0.157568311245
0.5   0.150440010111
0.525   0.142523627859
0.55   0.134125261077
0.575   0.125609560051
0.6   0.117409914883
0.625   0.110032203526
0.65   0.104038697112
0.675   0.0999931209121
0.7   0.0983571070132
0.725   0.0993659725232
0.75   0.102954594275
0.775   0.108788291206
0.8   0.116374735072
0.825   0.125183003931
0.85   0.134720463424
0.875   0.144564053144
0.9   0.154363500625
0.925   0.163832785444
0.95   0.172739009593
0.975   0.180892424373
1.0   0.18813861464
1.025   0.194352750494
1.05   0.199435502783
1.075   0.203310205633
1.1   0.205920927468
1.125   0.207231202754
1.15   0.207223256234
1.175   0.205897616266
1.2   0.203273067879
1.225   0.199386944571
1.25   0.194295806633
1.275   0.1880766089
1.3   0.180828528212
1.325   0.172675705338
1.35   0.163771256647
1.375   0.154303007687
1.4   0.144501422316
1.425   0.134649947704
1.45   0.12509699557
1.475   0.116266119691
1.5   0.108655479067
1.525   0.102809929791
1.55   0.099246502502
1.575   0.0983338113272
1.6   0.100173851269
1.625   0.104564391684
1.65   0.111071466525
1.675   0.119156936889
1.7   0.128286118959
1.725   0.13798486747
1.75   0.147855894343
1.775   0.157574198586
1.8   0.166875619893
1.825   0.175545209013
1.85   0.183407689646
1.875   0.190320321869
1.9   0.196167808448
1.925   0.200858760802
1.95   0.204323302175
1.975   0.206511488105
2.0   0.207392320156
2.025   0.206953207258
2.05   0.205199791507
2.075   0.202156107602
2.1   0.197865093011
2.125   0.192389515616
2.15   0.185813442693
2.175   0.178244444644
2.2   0.16981681124
2.225   0.160696149104
2.25   0.151085789847
2.275   0.141235356986
2.3   0.131451335538
2.325   0.122107956765
2.35   0.113653150038
2.375   0.106597998256
2.4   0.101471605095
2.425   0.0987276170124
2.45   0.0986196478922
2.475   0.101109260051
2.5   0.105872244707
2.525   0.112398423731
2.55   0.120115262881
2.575   0.128475675435
2.6   0.136997779049
2.625   0.145272311628
2.65   0.152955596976
2.675   0.15975890976
2.7   0.165438938783
2.725   0.169790719636
2.75   0.17264301963
2.775   0.173855716615
2.8   0.173318648667
2.825   0.170951466412
2.85   0.166704095707
2.875   0.160557485332
2.9   0.152524367704
2.925   0.142649803971
2.95   0.131011323088
2.975   0.117718501595
3.0   0.102911869422
3.025   0.0867610682337
3.05   0.0694622322969
3.075   0.051234606598
3.1   0.0323164608786
3.125   0.0129603992285
