0.0   0.0
0.025   0.0401418547324
0.05   0.0800944105186
0.075   0.119672748799
0.1   0.158700515957
0.125   0.197013728598
0.15   0.234464039924
0.175   0.270921341029
0.2   0.306275611481
0.225   0.34043797814
0.25   0.373340986461
0.275   0.404938131231
0.3   0.435202730801
0.325   0.464126257925
0.35   0.491716259609
0.375   0.517994007218
0.4   0.542992016541
0.425   0.566751566877
0.45   0.589320330035
0.475   0.610750197097
0.5   0.631095365091
0.525   0.650410720078
0.55   0.668750529529
0.575   0.686167436855
0.6   0.702711735575
0.625   0.718430890087
0.65   0.733369264188
0.675   0.747568016772
0.7   0.761065125545
0.725   0.773895503325
0.75   0.786091176486
0.775   0.797681500692
0.8   0.808693394535
0.825   0.819151576737
0.85   0.829078796839
0.875   0.838496052814
0.9   0.847422791696
0.925   0.855877091299
0.95   0.863875822437
0.975   0.871434791926
1.0   0.878568867186
1.025   0.885292083492
1.05   0.891617735052
1.075   0.897558451052
1.1   0.903126257801
1.125   0.908332627992
1.15   0.913188518062
1.175   0.917704394574
1.2   0.921890250525
1.225   0.925755612465
1.25   0.929309539348
1.275   0.932560614069
1.3   0.935516928667
1.325   0.938186064257
1.35   0.940575066773
1.375   0.942690419661
1.4   0.944538014684
1.425   0.946123122007
1.45   0.947450360703
1.475   0.948523670794
1.5   0.949346287845
1.525   0.949920721046
1.55   0.950248735561
1.575   0.950331339794
1.6   0.95016877802
1.625   0.949760528651
1.65   0.949105308197
1.675   0.948201080786
1.7   0.947045072903
1.725   0.945633792815
1.75   0.943963053993
1.775   0.94202800168
1.8   0.939823141638
1.825   0.937342370027
1.85   0.934579003272
1.875   0.93152580678
1.9   0.928175021332
1.925   0.924518386006
1.95   0.920547156496
1.975   0.916252117777
2.0   0.911623590072
2.025   0.90665142716
2.05   0.901325006087
2.075   0.89563320739
2.1   0.88956438493
2.125   0.883106324449
2.15   0.876246189906
2.175   0.868970456611
2.2   0.861264830082
2.225   0.853114149521
2.25   0.844502274726
2.275   0.835411955299
2.3   0.825824681157
2.325   0.815720513674
2.35   0.805077897425
2.375   0.793873453498
2.4   0.782081756899
2.425   0.769675102765
2.45   0.75662326904
2.475   0.742893287013
2.5   0.728449235712
2.525   0.713252081313
2.55   0.697259588336
2.575   0.680426334823
2.6   0.662703868388
2.625   0.644041043067
2.65   0.624384577356
2.675   0.603679870838
2.7   0.581872109436
2.725   0.558907677167
2.75   0.534735875303
2.775   0.509310928437
2.8   0.482594232476
2.825   0.454556773642
2.85   0.425181622476
2.875   0.394466385158
2.9   0.362425478578
2.925   0.329092087833
2.95   0.294519666697
2.975   0.258782854003
3.0   0.221977701563
3.025   0.184221141256
3.05   0.145649658218
3.075   0.106417180979
3.1   0.0666922448399
3.125   0.026654528383
