0.0   0.0
0.025   0.0404900110119
0.05   0.0807923468136
0.075   0.120723699423
0.1   0.16010929953
0.125   0.198786708774
0.15   0.236609073351
0.175   0.273447712927
0.2   0.309193959465
0.225   0.34376020519
0.25   0.377080164259
0.275   0.409108395418
0.3   0.439819169994
0.325   0.469204798583
0.35   0.497273548947
0.375   0.524047296386
0.4   0.549559046121
0.425   0.57385045645
0.45   0.596969473164
0.475   0.618968162517
0.5   0.639900804349
0.525   0.659822281274
0.55   0.678786776276
0.575   0.696846771139
0.6   0.714052322846
0.625   0.730450584701
0.65   0.746085533254
0.675   0.760997860458
0.7   0.775224992053
0.725   0.788801196937
0.75   0.801757757362
0.775   0.814123175393
0.8   0.825923396593
0.825   0.837182036928
0.85   0.847920603179
0.875   0.858158700667
0.9   0.867914224744
0.925   0.877203534495
0.95   0.88604160843
0.975   0.894442182836
1.0   0.902417873933
1.025   0.909980285273
1.05   0.917140101843
1.075   0.923907172346
1.1   0.930290581007
1.125   0.936298710122
1.15   0.941939294471
1.175   0.947219468534
1.2   0.952145807361
1.225   0.956724361852
1.25   0.96096068907
1.275   0.964859878194
1.3   0.968426572591
1.325   0.971664988492
1.35   0.974578930663
1.375   0.977171805457
1.4   0.979446631579
1.425   0.981406048866
1.45   0.983052325366
1.475   0.984387362951
1.5   0.985412701686
1.525   0.98612952313
1.55   0.986538652726
1.575   0.986640561394
1.6   0.986435366413
1.625   0.985922831638
1.65   0.985102367059
1.675   0.983973027693
1.7   0.98253351173
1.725   0.980782157853
1.75   0.978716941595
1.775   0.976335470575
1.8   0.973634978415
1.825   0.970612317122
1.85   0.967263947669
1.875   0.963585928497
1.9   0.959573901623
1.925   0.955223076001
1.95   0.950528207751
1.975   0.945483576838
2.0   0.94008295971
2.025   0.934319597383
2.05   0.928186158362
2.075   0.921674695716
2.1   0.914776597549
2.125   0.907482529964
2.15   0.899782371525
2.175   0.891665138077
2.2   0.883118896645
2.225   0.874130667024
2.25   0.864686309582
2.275   0.854770397812
2.3   0.844366074252
2.325   0.833454888782
2.35   0.822016618857
2.375   0.810029072295
2.4   0.79746787478
2.425   0.784306246412
2.45   0.770514774609
2.475   0.75606119441
2.5   0.740910191823
2.525   0.725023251059
2.55   0.708358572123
2.575   0.690871090726
2.6   0.672512637206
2.625   0.653232274296
2.65   0.632976854144
2.675   0.6116918321
2.7   0.589322367562
2.725   0.565814730152
2.75   0.541118012576
2.775   0.515186130252
2.8   0.487980063281
2.825   0.459470270425
2.85   0.429639179573
2.875   0.398483637396
2.9   0.36601718487
2.925   0.332272017454
2.95   0.29730049042
2.975   0.261176042093
3.0   0.223993430392
3.025   0.185868209971
3.05   0.146935416578
3.075   0.107347469153
3.1   0.0672713457264
3.125   0.0268851327528
