0.0   0.0
0.025   0.0181622824232
0.05   0.036108622857
0.075   0.0536289759824
0.1   0.0705248776166
0.125   0.0866147151688
0.15   0.101738402258
0.175   0.11576130368
0.2   0.128577290777
0.225   0.140110844477
0.25   0.150318161048
0.275   0.159187251462
0.3   0.166737056996
0.325   0.17301562986
0.35   0.178097448059
0.375   0.182079948992
0.4   0.185079379124
0.425   0.187226070654
0.45   0.188659274941
0.475   0.189521710109
0.5   0.189954018227
0.525   0.190089372854
0.55   0.190048521453
0.575   0.189935574548
0.6   0.189834846727
0.625   0.189808999715
0.65   0.189898631437
0.675   0.190123309697
0.7   0.190483892067
0.725   0.190965838265
0.75   0.191543136066
0.775   0.192182440004
0.8   0.192847059545
0.825   0.193500511884
0.85   0.194109451131
0.875   0.19464587961
0.9   0.195088624987
0.925   0.195424123384
0.95   0.195646584202
0.975   0.195757631176
1.0   0.195765521393
1.025   0.195684044353
1.05   0.195531200138
1.075   0.195327751268
1.1   0.195095737715
1.125   0.19485703848
1.15   0.194632055453
1.175   0.194438584947
1.2   0.194290928957
1.225   0.194199281659
1.25   0.194169407808
1.275   0.194202609958
1.3   0.194295962611
1.325   0.194442775568
1.35   0.194633237257
1.375   0.19485518275
1.4   0.195094930318
1.425   0.195338134213
1.45   0.19557060849
1.475   0.195779085623
1.5   0.195951883025
1.525   0.196079459136
1.55   0.196154847753
1.575   0.196173964407
1.6   0.196135781893
1.625   0.196042373855
1.65   0.195898826246
1.675   0.195713017103
1.7   0.195495266254
1.725   0.195257858768
1.75   0.195014449915
1.775   0.194779365098
1.8   0.194566815877
1.825   0.194390062073
1.85   0.194260559308
1.875   0.194187139851
1.9   0.194175280771
1.925   0.194226515788
1.95   0.194338044641
1.975   0.194502585844
2.0   0.194708505615
2.025   0.194940238735
2.05   0.195178997763
2.075   0.195403747401
2.1   0.195592402626
2.125   0.195723193699
2.15   0.195776128881
2.175   0.195734476334
2.2   0.195586179649
2.225   0.19532511576
2.25   0.194952099083
2.275   0.194475531587
2.3   0.193911596316
2.325   0.19328389408
2.35   0.192622433553
2.375   0.191961908922
2.4   0.191339241433
2.425   0.190790425115
2.45   0.190346801298
2.475   0.190030983315
2.5   0.189852745844
2.525   0.189805260528
2.55   0.189862078447
2.575   0.189975216516
2.6   0.190074600359
2.625   0.190068969943
2.65   0.189848197459
2.675   0.189286832421
2.7   0.188248599349
2.725   0.186591535835
2.75   0.184173465395
2.775   0.180857534362
2.8   0.176517587712
2.825   0.171043202349
2.85   0.164344230894
2.875   0.156354733423
2.9   0.147036191158
2.925   0.136379909032
2.95   0.124408527296
2.975   0.111176579239
3.0   0.0967700543367
3.025   0.0813049543165
3.05   0.0649248629336
3.075   0.04779758701
3.1   0.030110964187
3.125   0.0120679692241
